70
26
25
8
70
6
71
28
27
12
71
10
72
31
30
72
46
55
57
72
55
123
5
3
124
9
7
124
11
9
124
13
11
79
123
77
83
124
81
85
124
83
87
124
85
111
100
72
127
183
125
131
184
129
135
185
133
139
186
137
183
142
141
184
144
143
185
146
145
186
148
147
159
188
157
168
188
177
169
179
188
179
180
188
238
128
126
238
130
128
238
132
130
199
238
197
201
238
199
203
238
201
241
306
239
245
307
243
249
308
247
253
309
251
306
256
255
307
259
257
308
263
261
309
266
265
364
317
315
330
364
329
365
321
319
332
365
331
366
325
323
334
366
333
346
367
345
367
338
336
348
368
347
368
340
339
369
363
362
379
440
377
383
441
381
387
442
385
391
443
389
440
393
392
441
395
394
442
397
396
443
399
398
497
460
458
498
464
462
499
452
450
466
499
465
500
456
454
468
500
467
470
497
469
472
498
471
502
490
489
503
492
491
504
494
493
505
496
495
523
573
522
525
574
524
527
575
526
529
576
528
573
531
530
574
533
532
575
535
534
576
537
536
540
577
538
427
577
439
554
561
577
561
562
577
564
578
562
568
579
566
638
593
591
639
597
595
640
601
599
641
605
603
607
638
606
609
639
608
611
640
610
613
641
612
642
631
630
643
633
632
644
635
634
645
637
636
667
722
666
669
723
668
722
676
675
723
680
678
707
724
708
697
724
696
709
710
724
708
724
716
710
717
724
792
746
745
793
748
747
755
792
754
757
793
756
794
781
780
795
783
782
796
785
784
798
72
797
72
799
797
61
814
59
814
803
801
65
815
63
815
807
805
69
816
67
816
811
809
174
855
172
855
834
832
188
847
843
188
848
847
182
856
180
856
853
851
297
889
295
889
875
873
301
890
299
890
879
877
303
891
302
891
883
881
305
892
304
892
887
885
908
369
906
429
929
428
929
911
909
432
930
430
930
915
913
436
931
434
931
919
917
935
502
933
939
503
937
943
504
941
947
505
945
577
952
948
577
953
952
578
958
956
958
965
959
960
961
965
572
966
570
966
962
960
970
642
968
974
643
972
965
977
975
978
644
976
982
645
980
714
999
713
999
985
983
716
1000
715
1000
989
987
1001
993
991
1006
794
1004
1010
795
1008
1014
796
1012
1038
1098
1036
1097
1039
1037
1033
1098
1045
1098
1054
1053
1193
1102
1100
1118
1192
1115
1193
744
753
1121
1105
1193
1129
1193
1127
1301
1222
1221
1206
1301
1204
1302
1224
1223
1210
1302
1208
1212
1225
1098
1391
1197
1195
1392
1203
1200
1304
1303
1392
1314
1391
1311
1393
1314
1315
1318
1393
1317
1394
1306
1304
1320
1394
1319
1395
1310
1308
1322
1395
1321
1398
1472
1396
1472
1415
1414
1475
1419
1418
1408
1475
1406
1476
1421
1420
1412
1476
1410
1424
1477
1422
1428
1478
1426
1432
1479
1430
1436
1480
1434
1249
1477
1263
1477
1440
1438
1478
1444
1442
1479
1447
1446
1480
1451
1449
1457
1481
1458
1461
1481
1459
1465
1482
1463
1467
1468
1482
1567
1485
1486
1567
1405
1402
1488
1487
1567
1568
1486
1484
1496
1568
1495
1498
1569
1497
1570
1490
1488
1500
1570
1499
1571
1494
1492
1502
1571
1501
1544
1572
1543
1572
1532
1531
1546
1573
1545
1573
1534
1533
1548
1574
1547
1574
1538
1536
1481
1557
1555
1482
1561
1559
1659
1412
1413
1576
1575
1661
1577
1662
1575
1581
1663
1579
1664
1584
1583
1665
1586
1585
1662
1588
1587
1663
1592
1590
1595
1666
1593
1599
1667
1597
1608
1612
1667
1612
1613
1667
1666
1620
1618
1667
1624
1622
1667
1625
1624
1670
1659
1668
1674
1661
1672
1762
1679
1677
1763
1683
1681
1764
1671
1669
1685
1764
1684
1765
1675
1673
1687
1765
1686
1689
1762
1688
1691
1763
1690
1742
1766
1741
1766
1726
1724
1744
1767
1743
1767
1728
1727
1774
1861
1772
1778
1862
1776
1782
1863
1780
1786
1864
1784
1861
1791
1789
1862
1795
1793
1863
1799
1797
1864
1803
1801
1805
1865
1804
1611
1865
1617
1812
1818
1865
1865
1826
1824
1828
1866
1829
1821
1866
1820
1830
1831
1866
1829
1866
1847
1866
1852
1850
1831
1854
1866
1943
1874
1872
1944
1878
1876
1945
1882
1880
1946
1886
1884
1888
1943
1887
1890
1944
1889
1892
1945
1891
1894
1946
1893
1920
1947
1919
1947
1912
1911
1922
1948
1921
1948
1914
1913
1924
1949
1923
1949
1916
1915
1926
1950
1925
1950
1918
1917
1961
2046
1959
1965
2047
1963
1969
2048
1967
1973
2049
1971
2046
1978
1976
2047
1982
1980
2048
1986
1984
2049
1989
1988
1993
2050
1992
1995
2051
1994
1998
2052
1996
1999
2052
1998
2001
2050
2003
2050
2010
2008
2051
2013
2012
2052
2016
2015
2052
2017
2016
2147
2064
2062
2148
2068
2066
2149
2072
2070
2150
2076
2074
2078
2147
2077
2080
2148
2079
2082
2149
2081
2086
2150
2084
2119
2151
2118
2151
2109
2108
2121
2152
2120
2152
2111
2110
2123
2153
2122
2153
2113
2112
2156
2227
2154
2228
2160
2161
2163
2162
2228
2227
2167
2166
2160
2231
2158
2232
2169
2168
2164
2234
2162
2167
2230
2171
2168
2172
2230
2169
2233
2173
2175
2174
2052
2230
2181
2179
2233
2186
2185
2174
2187
2052
2187
2188
2052
2194
2235
2192
2235
2204
2203
2197
2236
2196
2236
2206
2205
2199
2237
2198
2237
2208
2207
2339
2241
2239
2340
2245
2243
2248
2228
2246
2341
2249
2247
2342
2253
2251
2256
2339
2254
2260
2340
2258
2264
2341
2262
2265
2341
2264
2268
2342
2266
2347
2273
2272
2343
2275
2274
2284
2347
2282
2286
2343
2285
2344
2295
2294
2308
2344
2307
2310
2346
2309
2346
2297
2296
2364
2164
2165
2364
2350
2349
2348
2351
2233
2369
2368
2342
2376
2394
2375
2356
2394
2359
2380
2383
2394
2394
2387
2386
1077
2396
1074
1080
2396
1077
1083
2396
1080
1089
2397
1086
1092
2397
1089
2398
1170
1167
2398
1173
1170
2398
1176
1173
2397
2398
2396
2398
1179
1176
2398
1182
1179
2398
1185
1182
3
2
1
5
4
3
7
6
5
9
8
6
11
10
8
13
12
10
18
17
15
19
18
16
19
1
0
21
20
17
2
21
0
22
3
1
24
23
21
4
24
2
70
25
24
6
70
24
71
27
26
10
71
70
30
15
14
31
16
15
17
33
29
35
34
32
20
35
17
37
36
34
23
37
35
39
38
36
25
39
37
41
40
39
26
41
25
43
42
41
27
43
26
45
44
43
28
45
27
72
30
46
48
33
32
33
48
29
34
49
32
36
50
49
38
51
50
40
52
38
42
53
40
44
54
42
57
48
56
48
57
55
49
58
56
58
59
56
50
60
49
60
61
58
51
62
50
62
63
60
52
64
51
64
65
62
53
66
52
66
67
64
54
68
66
68
69
67
124
7
123
75
19
16
76
75
73
77
22
75
77
123
3
78
77
75
80
79
78
81
124
123
82
81
80
84
83
82
86
85
84
88
87
86
89
73
31
90
74
89
91
76
74
92
78
91
93
80
78
94
82
93
95
84
94
96
86
95
98
88
96
99
98
97
100
89
31
101
90
100
102
91
101
103
92
102
104
93
103
105
94
104
106
95
105
107
96
95
108
97
107
99
110
109
110
99
108
112
101
100
113
114
112
114
102
112
115
103
102
116
104
103
117
105
104
118
106
105
119
107
118
120
108
107
121
122
120
122
110
120
126
125
12
128
127
126
129
184
183
130
129
128
132
131
129
133
185
184
134
133
132
136
135
134
137
186
135
138
137
136
140
139
138
187
141
28
187
125
141
125
187
12
184
143
183
185
145
184
186
147
185
150
149
44
141
150
28
152
151
149
142
152
150
154
153
152
143
154
142
156
155
154
144
156
143
158
157
155
145
158
156
160
159
157
146
160
158
162
161
159
147
162
160
164
163
162
148
164
147
149
165
54
151
166
165
153
167
151
155
168
153
157
188
168
161
169
159
163
170
161
165
171
68
171
172
69
166
173
171
173
174
172
167
175
173
175
176
174
168
177
175
177
178
175
170
181
169
181
182
179
238
126
124
189
134
132
191
136
134
192
191
190
193
138
136
194
193
191
195
140
138
196
195
193
197
238
87
198
197
87
200
199
197
202
201
200
204
203
202
205
189
203
206
205
204
206
190
205
207
192
190
208
194
207
209
196
208
210
198
88
211
200
198
212
202
200
213
204
202
214
206
204
215
207
214
216
208
215
217
209
208
218
210
109
219
218
109
220
211
210
221
212
220
222
213
221
223
214
222
224
215
223
225
216
215
226
217
216
237
236
217
227
228
121
219
228
218
228
219
122
229
220
227
230
221
229
231
222
221
232
223
222
233
224
223
234
225
224
235
226
234
239
306
186
240
239
140
242
241
240
243
307
306
244
243
242
246
245
244
247
308
245
248
247
245
250
249
247
251
309
249
252
251
250
254
253
252
306
255
148
307
257
256
261
260
258
308
261
307
263
262
261
265
264
263
309
265
263
268
267
164
255
268
148
270
269
268
256
270
255
272
271
270
257
272
256
274
273
271
274
259
258
259
274
257
260
275
258
262
276
260
264
277
276
265
278
264
280
279
278
266
280
278
267
281
163
269
282
267
271
283
269
273
284
271
275
286
273
286
287
285
276
288
275
288
289
286
277
290
276
290
291
288
279
292
290
292
293
291
281
294
170
294
295
181
282
296
281
296
297
294
283
298
282
298
299
296
284
300
283
300
301
299
285
301
300
287
302
285
289
303
287
291
304
289
293
305
291
310
240
140
311
310
195
312
242
240
313
312
310
314
244
242
315
314
312
316
246
244
317
316
314
318
248
246
319
318
317
320
250
248
321
320
319
322
252
250
323
322
321
324
254
252
325
324
323
326
311
209
327
313
326
364
315
327
329
364
327
365
319
317
331
365
364
366
323
321
333
366
365
335
326
209
336
335
236
337
327
326
338
337
336
338
328
337
339
329
328
340
330
329
341
331
330
342
332
331
343
333
332
344
334
333
345
367
237
367
336
237
347
368
346
368
339
367
349
350
348
350
341
340
351
342
341
352
343
342
353
344
343
354
345
235
355
346
354
356
347
355
357
348
356
358
349
357
359
350
349
360
361
359
361
351
359
369
362
360
362
352
361
363
353
362
376
375
373
377
440
253
378
377
254
380
379
378
381
441
379
382
381
380
384
383
382
385
442
383
386
385
383
371
386
370
388
387
385
372
388
386
389
443
387
390
389
387
390
374
373
374
390
372
375
391
373
440
392
309
441
394
393
442
396
441
443
398
442
401
400
279
392
401
280
403
402
401
393
403
392
405
404
403
394
405
393
407
406
405
395
407
394
409
408
406
396
409
407
411
410
408
397
411
409
413
412
410
398
413
411
415
414
413
399
415
398
400
416
292
416
417
293
402
418
400
418
419
416
404
420
402
420
421
419
406
422
420
422
423
420
408
424
406
410
425
424
412
426
425
414
427
412
417
428
293
419
429
417
421
430
429
432
423
431
423
432
430
424
433
431
433
434
431
425
435
433
435
436
434
426
437
435
437
438
435
427
439
426
445
371
370
446
372
371
447
374
372
448
376
447
449
378
254
450
449
325
451
380
378
452
451
450
453
382
380
454
453
451
455
384
382
455
444
384
456
455
453
457
445
444
458
457
456
459
446
457
460
459
457
461
447
446
462
461
459
498
462
497
463
448
461
464
463
462
499
450
366
465
499
366
500
454
499
467
500
499
501
458
456
469
501
468
469
497
458
471
498
497
473
465
334
474
466
465
475
467
466
476
468
467
477
469
468
478
470
477
479
471
478
480
472
479
481
473
344
482
474
473
483
475
474
484
476
475
485
477
476
486
478
477
487
479
478
488
480
487
502
489
369
489
481
363
490
482
481
503
491
490
491
483
482
492
484
483
504
493
492
493
485
484
494
486
485
505
495
504
495
487
486
496
488
487
507
506
375
509
508
507
511
510
509
513
512
511
515
514
513
517
516
514
519
518
516
521
520
518
522
573
443
506
522
391
508
523
506
524
574
523
510
524
508
512
525
510
526
575
525
514
526
512
516
527
526
528
576
575
518
528
527
520
529
528
573
530
399
574
532
531
575
534
574
576
536
575
539
538
415
530
539
399
541
540
539
531
541
530
543
542
541
532
543
531
545
544
542
533
545
543
547
546
544
534
547
545
549
548
547
535
549
534
551
550
548
536
551
549
553
552
550
537
553
551
538
577
427
542
554
540
544
555
554
546
556
555
548
557
546
550
558
557
552
559
558
555
563
554
563
564
561
556
565
555
565
566
563
566
579
578
557
567
565
567
568
566
558
569
567
569
570
568
570
580
568
559
571
558
571
572
569
560
572
571
581
507
448
582
509
581
583
511
582
584
513
583
585
515
584
586
517
585
587
519
586
588
521
587
590
581
463
591
590
464
638
591
464
592
582
590
593
592
591
594
583
592
595
594
593
639
595
593
596
584
594
597
596
595
598
585
596
599
598
596
640
599
597
600
586
598
601
600
598
602
587
600
603
602
600
641
603
640
604
588
587
605
604
603
605
589
604
606
638
498
608
639
638
610
640
639
612
641
611
614
606
480
615
607
614
616
608
615
617
609
616
618
610
617
619
611
618
620
612
619
621
613
620
622
614
488
623
615
622
624
616
615
625
617
616
626
618
617
627
619
618
628
620
619
629
621
628
642
630
505
630
622
496
631
623
630
643
632
642
632
624
631
633
625
632
644
634
643
634
626
625
635
627
626
645
636
644
636
628
627
637
629
628
647
646
520
649
648
646
651
650
648
653
652
650
656
655
652
658
657
654
659
658
656
661
660
657
662
661
658
664
663
660
665
664
661
666
722
576
646
666
529
648
667
666
668
723
722
650
668
667
652
669
668
671
670
669
671
655
654
655
671
652
657
672
654
660
673
657
663
674
660
722
675
576
723
678
676
680
679
677
682
681
680
670
682
680
684
683
681
672
684
682
686
685
683
673
686
684
688
687
685
674
688
686
690
689
552
675
690
553
692
691
690
676
692
675
694
693
691
694
678
677
678
694
676
679
695
677
681
696
679
683
697
696
685
698
697
687
699
698
689
701
552
701
702
560
691
703
689
703
704
701
693
705
691
705
706
704
695
707
693
707
708
705
696
724
707
698
709
697
699
711
698
711
712
710
700
712
711
702
713
560
704
714
702
706
715
714
708
716
706
712
719
710
719
720
718
725
647
521
726
725
589
727
649
647
728
727
726
729
651
727
730
729
728
731
653
729
732
731
730
733
656
731
734
733
732
736
659
733
737
736
733
738
737
735
739
662
736
740
739
736
741
740
737
742
665
662
743
742
740
744
743
741
745
726
589
792
745
641
746
728
745
747
730
746
793
747
746
748
732
747
749
734
732
750
749
748
750
735
749
751
738
735
752
741
738
753
744
741
754
792
641
756
793
792
758
750
757
759
751
758
760
752
751
761
753
752
763
754
621
764
755
763
765
756
764
766
757
765
767
758
766
768
759
767
769
760
759
770
761
769
771
762
770
772
763
629
773
764
763
774
765
764
775
766
765
776
767
766
777
768
767
778
769
777
779
770
778
794
780
645
780
772
629
781
773
772
795
782
781
782
774
773
783
775
782
796
784
783
784
776
775
785
777
776
787
788
785
788
778
777
789
790
786
790
791
788
791
779
778
799
72
57
799
800
797
59
814
813
814
801
813
801
802
800
803
804
801
63
815
61
815
805
814
805
806
803
807
808
805
67
816
815
816
809
807
809
810
807
811
812
810
817
111
798
800
818
817
818
113
817
819
114
113
802
820
800
820
821
819
821
115
819
804
822
802
822
823
820
823
116
115
806
824
822
824
825
823
825
117
116
808
826
824
826
827
825
827
118
117
810
828
808
828
829
827
829
119
118
812
830
828
830
831
829
831
121
829
172
855
69
855
832
816
832
833
812
834
835
833
176
836
174
836
837
834
837
838
834
840
178
839
178
840
836
840
841
836
841
842
837
188
843
177
843
844
839
844
845
841
845
846
841
847
848
844
848
849
844
849
850
845
180
856
848
856
851
848
851
852
849
853
854
851
833
857
830
857
858
830
858
227
121
835
859
857
859
860
857
860
229
858
838
861
859
861
862
860
862
230
860
842
863
861
863
864
862
864
231
230
846
865
863
865
866
864
866
232
231
850
867
865
867
868
866
868
233
232
852
869
850
869
870
868
870
234
233
854
871
869
871
872
870
872
235
234
295
889
856
889
873
853
873
874
853
875
876
873
299
890
889
890
877
875
877
878
875
879
880
877
302
891
890
891
881
879
881
882
879
883
884
881
304
892
303
892
885
891
885
886
884
887
888
886
874
893
871
893
894
872
894
354
235
876
895
893
895
896
894
896
355
354
878
897
895
897
898
896
898
356
355
880
899
897
899
900
898
900
357
356
882
901
899
901
902
900
902
358
357
884
903
901
903
904
902
904
360
902
886
905
884
905
906
904
906
369
360
888
907
886
907
908
906
428
929
305
929
909
892
909
910
888
911
912
910
430
930
429
930
913
929
913
914
912
915
916
914
434
931
930
931
917
930
917
918
916
919
920
917
922
438
921
438
922
436
922
923
919
923
924
919
439
925
921
925
926
921
926
927
923
927
928
924
910
932
888
932
933
908
933
502
369
912
934
910
934
935
932
914
936
934
936
937
935
937
503
935
916
938
936
938
939
936
918
940
938
940
941
938
941
504
939
920
942
940
942
943
940
924
944
942
944
945
942
945
505
943
928
946
944
946
947
944
577
948
439
948
949
925
949
950
926
950
951
928
952
953
949
953
954
950
954
955
950
562
964
953
964
956
954
578
956
562
956
957
954
958
959
957
579
965
958
960
580
570
580
960
965
962
963
961
951
967
946
967
968
946
968
642
947
955
969
967
969
970
968
957
971
969
971
972
970
972
643
642
959
973
971
973
974
972
965
975
959
975
976
974
976
644
643
977
978
975
961
979
977
979
980
977
980
645
978
963
981
979
981
982
979
713
999
966
999
983
966
983
984
962
985
986
983
715
1000
999
1000
987
985
987
988
986
989
990
988
724
1001
716
1001
991
989
991
992
989
993
994
992
717
1002
1001
1002
995
993
718
995
1002
995
996
994
720
997
718
997
998
996
721
998
997
984
1003
981
1003
1004
981
1004
794
982
986
1005
1003
1005
1006
1003
988
1007
986
1007
1008
1005
1008
795
1006
990
1009
988
1009
1010
1008
992
1011
990
1011
1012
1009
1012
796
795
994
1013
1011
1013
1014
1011
996
1015
1013
1015
1016
1013
787
1016
786
1016
787
1014
998
1017
996
1017
789
786
1019
1018
664
1020
1019
665
1022
1021
1019
1023
1022
1020
1025
1024
1022
1026
1025
1023
1028
1027
1025
1029
1028
1026
1031
1030
1027
1032
1031
1028
1034
1033
1030
1035
1034
1031
1036
1098
1033
1037
1036
1034
1097
1037
1096
1039
1038
1036
1018
1040
663
1021
1041
1040
1024
1042
1021
1027
1043
1024
1030
1044
1043
1033
1045
1044
1047
1046
688
1040
1047
688
1041
1048
1040
1042
1049
1048
1043
1050
1049
1044
1051
1043
1045
1052
1044
1098
1053
1045
1046
1055
687
1055
1056
700
1047
1056
1046
1048
1057
1047
1049
1058
1048
1050
1059
1049
1051
1060
1050
1052
1061
1060
1053
1062
1061
1054
1063
1062
1056
1064
700
1057
1065
1056
1058
1066
1065
1059
1067
1066
1060
1068
1067
1061
1069
1060
1062
1070
1061
1063
1071
1070
1064
1072
719
1072
1073
719
1073
1074
721
1065
1075
1072
1075
1076
1072
1076
1077
1074
1066
1078
1075
1078
1079
1075
1079
1080
1077
1067
1081
1078
1081
1082
1078
1082
1083
1080
1068
1084
1081
1084
1085
1082
1085
1086
1083
1069
1087
1084
1087
1088
1085
1088
1089
1086
1070
1090
1069
1090
1091
1087
1091
1092
1089
1071
1093
1070
1093
1094
1090
1094
1095
1091
1192
1097
1096
1099
1020
742
1100
1099
743
1193
1100
744
1101
1023
1099
1102
1101
1099
1103
1026
1101
1104
1103
1101
1105
1104
1102
1106
1029
1103
1107
1106
1103
1108
1107
1104
1109
1032
1106
1110
1109
1106
1111
1110
1107
1112
1035
1109
1112
1191
1096
1113
1112
1109
1114
1113
1110
1115
1192
1191
1116
1115
1113
1117
1116
1113
1119
1118
1116
1120
1119
1116
1122
1108
1121
1123
1111
1108
1124
1114
1111
1125
1117
1114
1126
1120
1117
1127
1193
753
1128
1127
762
1130
1129
1127
1131
1121
1129
1132
1131
1129
1133
1122
1121
1134
1133
1131
1135
1123
1133
1136
1135
1134
1137
1124
1135
1138
1137
1136
1139
1125
1137
1140
1139
1138
1141
1126
1139
1142
1141
1140
1143
1144
771
1144
1128
771
1145
1146
1143
1146
1130
1144
1147
1148
1145
1148
1132
1130
1149
1150
1147
1150
1134
1132
1151
1152
1149
1152
1136
1150
1153
1154
1152
1154
1138
1152
1155
1156
1154
1156
1140
1138
1157
1158
1156
1158
1142
1140
1159
1143
779
1160
1145
1159
1161
1147
1160
1162
1149
1161
1163
1151
1162
1164
1153
1151
1165
1155
1153
1166
1157
1155
1167
1168
789
1168
1169
791
1169
1159
779
1170
1171
1167
1171
1172
1168
1172
1160
1159
1173
1174
1170
1174
1175
1171
1175
1161
1172
1176
1177
1173
1177
1178
1174
1178
1162
1161
1179
1180
1176
1180
1181
1178
1181
1163
1162
1182
1183
1179
1183
1184
1181
1184
1164
1163
1185
1186
1182
1186
1187
1184
1187
1165
1184
1095
1188
1092
1188
1189
1186
1189
1190
1186
1190
1166
1187
1197
1196
1194
1200
1199
1196
1202
1201
1198
1203
1202
1199
1205
1204
1203
1207
1206
1205
1209
1208
1206
1211
1210
1208
1213
1212
1038
1214
1213
1038
1214
1195
1194
1195
1214
1039
1216
1215
1212
1196
1216
1194
1218
1217
1215
1218
1199
1198
1199
1218
1196
1201
1219
1198
1202
1220
1201
1301
1221
1220
1204
1301
1220
1302
1223
1301
1208
1302
1301
1215
1226
1212
1217
1227
1215
1219
1228
1217
1221
1229
1228
1222
1230
1229
1223
1232
1230
1234
1233
1231
1224
1234
1223
1225
1236
1054
1238
1237
1235
1226
1238
1225
1240
1239
1238
1227
1240
1226
1242
1241
1240
1228
1242
1227
1244
1243
1241
1229
1244
1242
1246
1245
1244
1230
1246
1229
1248
1247
1245
1248
1232
1231
1232
1248
1230
1233
1249
1231
1251
1236
1235
1236
1251
1063
1237
1252
1250
1252
1253
1250
1239
1254
1252
1254
1255
1252
1241
1256
1239
1243
1257
1241
1245
1259
1243
1259
1260
1258
1247
1261
1259
1261
1262
1259
1249
1263
1261
1251
1264
1071
1253
1265
1264
1267
1255
1266
1255
1267
1265
1256
1268
1266
1268
1269
1266
1257
1270
1256
1270
1271
1269
1258
1271
1270
1260
1272
1258
1274
1262
1273
1262
1274
1272
1263
1275
1273
1275
1276
1273
1264
1277
1093
1277
1278
1093
1278
1279
1094
1265
1280
1264
1280
1281
1278
1281
1282
1279
1267
1283
1265
1283
1284
1281
1284
1285
1282
1269
1286
1283
1286
1287
1283
1287
1288
1285
1271
1289
1269
1289
1290
1287
1290
1291
1287
1272
1292
1289
1292
1293
1290
1293
1294
1290
1274
1295
1272
1295
1296
1292
1296
1297
1293
1276
1298
1295
1298
1299
1295
1299
1300
1296
1391
1195
1192
1392
1200
1391
1303
1205
1203
1305
1207
1303
1306
1305
1304
1307
1209
1207
1308
1307
1306
1309
1211
1209
1310
1309
1308
1311
1391
1118
1312
1311
1119
1313
1312
1119
1315
1314
1312
1316
1315
1312
1393
1392
1314
1317
1393
1315
1394
1304
1393
1319
1394
1318
1395
1308
1394
1321
1395
1320
1323
1313
1126
1324
1316
1323
1325
1317
1324
1326
1318
1325
1327
1319
1326
1328
1320
1327
1329
1321
1328
1330
1322
1321
1331
1323
1126
1332
1331
1141
1333
1324
1323
1334
1333
1331
1335
1325
1333
1336
1335
1333
1337
1326
1335
1338
1337
1336
1339
1327
1337
1340
1339
1338
1341
1328
1339
1342
1341
1339
1343
1329
1328
1344
1330
1343
1345
1346
1158
1346
1332
1142
1347
1348
1346
1348
1334
1332
1349
1350
1348
1350
1336
1334
1351
1352
1350
1352
1338
1336
1353
1354
1352
1354
1340
1352
1355
1356
1353
1342
1356
1341
1356
1342
1354
1357
1343
1355
1358
1344
1357
1359
1345
1157
1360
1347
1345
1361
1349
1347
1362
1351
1349
1363
1353
1351
1364
1355
1353
1365
1357
1364
1366
1358
1365
1279
1367
1095
1367
1368
1189
1368
1369
1189
1369
1359
1190
1282
1370
1279
1370
1371
1368
1371
1372
1368
1372
1360
1369
1285
1373
1282
1373
1374
1371
1374
1375
1372
1375
1361
1372
1288
1376
1373
1376
1377
1374
1377
1378
1375
1378
1362
1361
1291
1379
1376
1379
1380
1377
1380
1381
1378
1381
1363
1362
1294
1382
1379
1382
1383
1380
1383
1384
1381
1384
1364
1381
1297
1385
1382
1385
1386
1383
1386
1387
1384
1387
1365
1384
1300
1388
1385
1388
1389
1386
1389
1390
1387
1390
1366
1387
1397
1396
1210
1399
1398
1397
1401
1400
1398
1402
1401
1398
1404
1403
1400
1405
1404
1401
1406
1473
1404
1407
1406
1404
1409
1408
1407
1411
1410
1409
1413
1412
1410
1474
1414
1224
1474
1396
1414
1396
1474
1210
1400
1416
1415
1403
1417
1416
1473
1418
1417
1406
1475
1473
1476
1420
1475
1410
1476
1475
1423
1422
1234
1414
1423
1224
1425
1424
1423
1415
1425
1423
1427
1426
1425
1416
1427
1415
1429
1428
1427
1417
1429
1416
1431
1430
1429
1418
1431
1417
1433
1432
1430
1419
1433
1431
1435
1434
1432
1420
1435
1433
1437
1436
1434
1421
1437
1435
1422
1477
1249
1426
1478
1424
1430
1479
1428
1434
1480
1479
1477
1438
1263
1438
1439
1276
1440
1441
1439
1478
1442
1440
1442
1443
1441
1444
1445
1442
1479
1446
1478
1480
1449
1479
1449
1450
1448
1451
1452
1449
1439
1453
1298
1453
1454
1298
1454
1455
1299
1441
1456
1439
1456
1457
1453
1457
1458
1454
1443
1459
1441
1459
1481
1457
1461
1445
1460
1445
1461
1459
1446
1462
1460
1462
1463
1460
1463
1482
1481
1447
1464
1446
1464
1465
1463
1448
1465
1464
1450
1466
1448
1466
1467
1465
1452
1469
1466
1469
1470
1467
1470
1471
1468
1483
1397
1211
1484
1483
1310
1485
1399
1397
1486
1485
1484
1567
1402
1485
1487
1407
1405
1489
1409
1487
1490
1489
1488
1491
1411
1409
1492
1491
1490
1493
1413
1411
1494
1493
1492
1568
1484
1395
1495
1568
1322
1569
1567
1486
1497
1569
1496
1570
1488
1569
1499
1570
1498
1571
1492
1570
1501
1571
1500
1503
1495
1330
1504
1496
1503
1506
1497
1496
1507
1506
1505
1508
1498
1506
1509
1508
1506
1510
1499
1498
1511
1500
1510
1513
1501
1500
1514
1513
1512
1515
1502
1501
1516
1515
1513
1517
1503
1344
1518
1504
1517
1519
1505
1518
1520
1521
1519
1521
1507
1519
1522
1523
1520
1509
1523
1522
1523
1509
1507
1524
1510
1508
1525
1511
1510
1526
1512
1525
1527
1514
1512
1528
1516
1514
1529
1517
1358
1530
1518
1517
1531
1520
1530
1532
1522
1520
1533
1524
1522
1534
1525
1533
1535
1526
1525
1536
1537
1535
1537
1527
1535
1538
1539
1536
1539
1528
1537
1540
1529
1366
1542
1530
1540
1543
1572
1542
1572
1531
1542
1545
1573
1572
1573
1533
1532
1547
1574
1573
1574
1536
1534
1455
1549
1388
1549
1550
1389
1550
1551
1390
1551
1540
1390
1458
1552
1549
1552
1553
1550
1553
1554
1550
1542
1554
1541
1554
1542
1540
1481
1555
1458
1555
1556
1552
1556
1543
1541
1557
1558
1555
1558
1544
1556
1482
1559
1481
1559
1560
1557
1560
1545
1558
1561
1562
1559
1562
1546
1560
1468
1563
1561
1563
1564
1561
1564
1547
1562
1471
1565
1468
1565
1566
1563
1566
1548
1564
1575
1662
1660
1578
1577
1576
1579
1663
1662
1580
1579
1578
1582
1581
1580
1664
1583
1476
1659
1664
1412
1665
1585
1584
1661
1665
1659
1665
1661
1660
1662
1587
1660
1663
1590
1588
1592
1591
1589
1594
1593
1436
1583
1594
1437
1596
1595
1594
1584
1596
1583
1598
1597
1595
1585
1598
1596
1600
1599
1597
1586
1600
1585
1602
1601
1599
1587
1602
1600
1604
1603
1602
1588
1604
1587
1606
1605
1603
1606
1590
1589
1590
1606
1588
1591
1607
1589
1593
1666
1480
1597
1667
1666
1601
1608
1599
1603
1609
1601
1605
1610
1603
1607
1611
1610
1609
1614
1612
1614
1615
1612
1610
1616
1609
1611
1617
1616
1666
1618
1451
1618
1619
1452
1620
1621
1618
1667
1622
1666
1624
1625
1623
1613
1626
1625
1628
1615
1627
1615
1628
1626
1616
1629
1627
1629
1630
1627
1617
1631
1629
1631
1632
1630
1619
1633
1452
1633
1634
1469
1634
1635
1471
1637
1621
1636
1621
1637
1633
1637
1638
1633
1638
1639
1635
1622
1640
1620
1640
1641
1637
1623
1641
1640
1641
1642
1638
1642
1643
1638
1625
1644
1623
1644
1645
1642
1645
1646
1642
1626
1647
1644
1647
1648
1645
1648
1649
1646
1628
1650
1626
1650
1651
1648
1651
1652
1648
1630
1653
1650
1653
1654
1650
1654
1655
1652
1632
1656
1630
1656
1657
1653
1657
1658
1655
1668
1659
1413
1669
1668
1494
1671
1670
1669
1672
1661
1659
1673
1672
1671
1675
1674
1673
1676
1576
1674
1677
1676
1674
1762
1677
1761
1678
1578
1676
1679
1678
1676
1680
1580
1678
1681
1680
1678
1763
1681
1679
1682
1582
1680
1683
1682
1680
1764
1669
1571
1684
1764
1502
1765
1673
1671
1686
1765
1685
1687
1761
1765
1688
1762
1761
1690
1763
1762
1692
1684
1502
1693
1692
1515
1694
1685
1684
1695
1694
1692
1696
1686
1694
1697
1696
1695
1698
1687
1686
1699
1698
1697
1700
1688
1698
1701
1700
1699
1702
1689
1700
1703
1702
1701
1704
1690
1702
1705
1704
1702
1706
1691
1704
1707
1693
1516
1708
1695
1707
1709
1697
1695
1710
1699
1697
1712
1701
1710
1713
1714
1711
1714
1703
1701
1715
1716
1713
1705
1716
1704
1716
1705
1703
1717
1706
1715
1718
1719
1539
1719
1707
1539
1720
1708
1707
1721
1709
1708
1723
1710
1709
1724
1725
1722
1712
1725
1711
1725
1712
1710
1726
1713
1711
1727
1715
1713
1728
1717
1715
1729
1730
1548
1730
1718
1538
1731
1719
1718
1732
1733
1729
1733
1734
1731
1734
1720
1731
1735
1736
1732
1736
1737
1733
1737
1721
1734
1738
1739
1736
1739
1740
1736
1723
1740
1722
1740
1723
1721
1741
1766
1739
1766
1724
1739
1743
1767
1742
1767
1727
1766
1635
1745
1565
1745
1746
1566
1746
1729
1548
1639
1747
1745
1747
1748
1746
1748
1732
1729
1643
1749
1747
1749
1750
1748
1750
1735
1732
1646
1751
1749
1751
1752
1749
1752
1738
1750
1649
1753
1646
1753
1754
1751
1754
1741
1752
1652
1755
1649
1755
1756
1753
1756
1742
1754
1655
1757
1755
1757
1758
1755
1758
1743
1756
1658
1759
1757
1759
1760
1757
1760
1744
1758
1772
1861
1663
1773
1772
1582
1775
1774
1773
1776
1862
1861
1777
1776
1775
1779
1778
1777
1780
1863
1862
1781
1780
1779
1783
1782
1780
1769
1783
1768
1784
1864
1863
1785
1784
1782
1770
1785
1783
1787
1786
1784
1771
1787
1785
1789
1788
1592
1861
1789
1592
1791
1790
1789
1793
1792
1791
1862
1793
1791
1795
1794
1793
1797
1796
1795
1863
1797
1862
1799
1798
1797
1801
1800
1799
1864
1801
1799
1803
1802
1801
1788
1804
1591
1790
1805
1788
1792
1806
1790
1794
1807
1806
1796
1808
1807
1798
1809
1796
1800
1810
1798
1802
1811
1800
1804
1865
1611
1806
1812
1805
1807
1813
1812
1808
1814
1813
1809
1815
1808
1810
1816
1809
1811
1817
1816
1813
1819
1812
1814
1820
1813
1815
1821
1820
1816
1822
1815
1817
1823
1816
1865
1824
1617
1824
1825
1631
1818
1827
1826
1819
1828
1827
1820
1866
1828
1822
1830
1821
1823
1832
1830
1832
1833
1830
1835
1825
1834
1825
1835
1656
1835
1836
1656
1836
1837
1657
1826
1838
1834
1838
1839
1834
1839
1840
1836
1840
1841
1836
1827
1842
1838
1842
1843
1839
1843
1844
1840
1844
1845
1840
1828
1846
1827
1846
1847
1843
1829
1847
1846
1847
1848
1843
1848
1849
1844
1866
1850
1847
1850
1851
1849
1852
1853
1851
1854
1855
1852
1855
1856
1853
1858
1833
1857
1833
1858
1854
1858
1859
1854
1859
1860
1855
1868
1769
1768
1869
1770
1769
1870
1771
1770
1871
1773
1682
1872
1871
1682
1943
1872
1683
1873
1775
1773
1874
1873
1871
1875
1777
1775
1876
1875
1873
1944
1876
1874
1877
1779
1875
1878
1877
1875
1879
1781
1877
1879
1867
1768
1880
1879
1877
1945
1880
1878
1881
1868
1867
1882
1881
1880
1883
1869
1868
1884
1883
1882
1946
1884
1945
1885
1870
1883
1886
1885
1884
1887
1943
1763
1889
1944
1943
1891
1945
1944
1893
1946
1892
1895
1887
1691
1896
1888
1887
1897
1889
1888
1898
1890
1889
1899
1891
1890
1900
1892
1899
1901
1893
1892
1902
1894
1893
1903
1895
1717
1904
1896
1903
1905
1897
1904
1906
1898
1897
1907
1899
1898
1908
1900
1907
1909
1901
1900
1910
1902
1901
1911
1903
1728
1912
1904
1911
1913
1905
1912
1914
1906
1913
1915
1907
1906
1916
1908
1915
1917
1909
1916
1918
1910
1917
1919
1947
1767
1947
1911
1728
1921
1948
1947
1948
1913
1912
1923
1949
1922
1949
1915
1948
1925
1950
1949
1950
1917
1916
1837
1927
1759
1927
1928
1759
1928
1919
1760
1841
1929
1837
1929
1930
1927
1930
1920
1928
1845
1931
1929
1931
1932
1929
1932
1921
1930
1849
1933
1845
1933
1934
1932
1934
1922
1932
1851
1935
1933
1935
1936
1934
1936
1923
1922
1853
1937
1935
1937
1938
1935
1938
1924
1936
1856
1939
1937
1939
1940
1937
1940
1925
1938
1860
1941
1856
1941
1942
1939
1942
1926
1940
1959
2046
1864
1960
1959
1786
1951
1960
1787
1962
1961
1959
1952
1962
1960
1963
2047
2046
1964
1963
1961
1953
1964
1962
1966
1965
1964
1954
1966
1953
1967
2048
1965
1968
1967
1966
1955
1968
1954
1970
1969
1968
1956
1970
1955
1971
2049
1969
1972
1971
1970
1957
1972
1956
1974
1973
1972
1958
1974
1972
1976
1975
1803
2046
1976
1803
1978
1977
1976
1980
1979
1978
2047
1980
1978
1982
1981
1979
1984
1983
1981
2048
1984
2047
1986
1985
1983
1988
1987
1986
2049
1988
2048
1975
1990
1802
1977
1991
1975
1979
1992
1977
1981
1993
1992
1983
1994
1993
1985
1995
1994
1987
1996
1995
1988
1997
1987
1999
1998
1997
1989
1999
1997
1990
2000
1817
1991
2001
1990
1992
2050
2001
1994
2051
1993
1996
2052
2051
2000
2002
1817
2001
2003
2002
2002
2004
1832
2003
2006
2002
2006
2007
2005
2050
2008
2003
2008
2009
2006
2010
2011
2008
2051
2012
2010
2052
2015
2051
2015
2016
2014
2004
2018
1857
2018
2019
1857
2005
2019
2018
2019
2020
1858
2020
2021
1859
2007
2022
2005
2022
2023
2020
2023
2024
2021
2009
2025
2022
2025
2026
2023
2026
2027
2023
2029
2011
2028
2011
2029
2025
2029
2030
2025
2030
2031
2027
2012
2032
2028
2032
2033
2028
2033
2034
2030
2034
2035
2030
2013
2036
2012
2036
2037
2033
2014
2037
2036
2037
2038
2033
2038
2039
2034
2016
2040
2014
2040
2041
2038
2041
2042
2038
2017
2043
2040
2043
2044
2041
2044
2045
2041
2053
1951
1771
2054
1952
1951
2055
1953
2054
2056
1954
2055
2057
1955
2056
2058
1956
2057
2059
1957
2058
2060
1958
1957
2061
2053
1885
2062
2061
1886
2147
2062
1886
2063
2054
2061
2064
2063
2062
2065
2055
2063
2066
2065
2064
2148
2066
2147
2067
2056
2055
2068
2067
2065
2069
2057
2056
2070
2069
2067
2149
2070
2148
2071
2058
2057
2072
2071
2069
2073
2059
2058
2074
2073
2071
2150
2074
2149
2060
2075
1958
2075
2060
2073
2076
2075
2073
2077
2147
1946
2079
2148
2147
2081
2149
2080
2084
2150
2149
2085
2084
2083
2087
2086
2084
2088
2077
1894
2089
2078
2077
2090
2079
2089
2091
2080
2090
2092
2081
2091
2094
2082
2081
2095
2094
2093
2095
2083
2094
2096
2085
2083
2097
2087
2085
2098
2088
1902
2099
2089
2088
2100
2090
2099
2101
2091
2100
2102
2092
2101
2103
2093
2102
2104
2105
2103
2105
2095
2093
2106
2096
2095
2107
2097
2106
2108
2098
1918
2109
2099
2098
2110
2100
2099
2111
2101
2100
2112
2102
2111
2113
2104
2112
2114
2105
2104
2115
2116
2114
2116
2106
2114
2117
2107
2106
2118
2151
1950
2151
2108
1918
2120
2152
2119
2152
2110
2151
2122
2153
2121
2153
2112
2152
2124
2125
2123
2125
2115
2153
2126
2116
2115
2127
2128
2126
2128
2117
2126
2021
2129
1860
2129
2130
1942
2130
2118
1926
2024
2131
2021
2131
2132
2130
2132
2119
2118
2027
2133
2024
2133
2134
2132
2134
2120
2119
2031
2135
2027
2135
2136
2134
2136
2121
2120
2035
2137
2031
2137
2138
2136
2138
2122
2121
2039
2139
2035
2139
2140
2138
2140
2123
2122
2042
2141
2039
2141
2142
2140
2142
2124
2140
2143
2125
2124
2045
2144
2042
2144
2145
2141
2145
2146
2143
2146
2127
2143
2154
2227
1973
2155
2154
1973
2157
2156
2154
2159
2158
2157
2161
2160
2158
2165
2164
2163
2227
2166
1989
2156
2229
2227
2231
2230
2167
2158
2231
2229
2232
2168
2231
2228
2232
2160
2234
2233
2169
2162
2234
2232
2166
2170
1989
2167
2171
2166
2169
2173
2168
2170
2175
1999
2177
2176
2174
2171
2177
2175
2179
2178
2176
2230
2179
2171
2181
2180
2178
2183
2182
2181
2172
2183
2181
2173
2184
2172
2233
2185
2173
2176
2189
2187
2189
2190
2187
2178
2191
2189
2191
2192
2189
2180
2193
2191
2193
2194
2191
2182
2195
2193
2195
2196
2194
2183
2196
2195
2184
2197
2196
2185
2198
2197
2186
2199
2198
2188
2200
2017
2190
2201
2200
2192
2235
2201
2235
2203
2201
2196
2236
2194
2236
2205
2235
2198
2237
2236
2237
2207
2206
2200
2209
2043
2209
2210
2044
2210
2211
2044
2201
2212
2200
2212
2213
2210
2202
2213
2212
2213
2214
2210
2203
2215
2202
2215
2216
2214
2204
2217
2215
2217
2218
2216
2205
2219
2217
2219
2220
2218
2206
2221
2219
2221
2222
2220
2207
2223
2221
2223
2224
2222
2208
2225
2223
2225
2226
2223
2238
2155
1974
2239
2238
2076
2339
2239
2150
2240
2157
2155
2241
2240
2239
2242
2159
2157
2243
2242
2241
2340
2243
2241
2244
2161
2159
2245
2244
2243
2246
2228
2161
2247
2246
2245
2341
2247
2340
2249
2248
2247
2250
2163
2248
2251
2250
2248
2342
2251
2341
2252
2165
2250
2253
2252
2250
2254
2339
2086
2255
2254
2086
2257
2256
2255
2258
2340
2339
2259
2258
2257
2261
2260
2259
2262
2341
2340
2263
2262
2261
2265
2264
2263
2266
2342
2265
2269
2268
2267
2270
2255
2097
2271
2257
2270
2272
2259
2271
2273
2261
2259
2274
2263
2261
2343
2274
2347
2275
2265
2263
2276
2266
2265
2277
2276
2275
2277
2267
2276
2278
2269
2267
2279
2270
2107
2280
2271
2279
2281
2272
2280
2282
2347
2272
2283
2284
2282
2285
2343
2347
2287
2277
2286
2288
2278
2287
2289
2279
2107
2290
2280
2279
2291
2281
2280
2292
2283
2291
2293
2284
2283
2344
2294
2292
2294
2285
2293
2295
2286
2294
2345
2296
2295
2296
2287
2295
2297
2288
2296
2298
2299
2127
2299
2289
2117
2300
2301
2298
2301
2290
2289
2302
2303
2300
2303
2291
2290
2304
2305
2302
2305
2292
2291
2306
2307
2305
2307
2344
2292
2309
2345
2308
2346
2296
2345
2211
2311
2144
2311
2312
2144
2312
2313
2146
2313
2298
2127
2214
2314
2311
2314
2315
2311
2315
2316
2313
2316
2300
2298
2216
2317
2214
2317
2318
2314
2318
2319
2316
2319
2302
2300
2218
2320
2216
2320
2321
2317
2321
2322
2319
2322
2304
2302
2220
2323
2218
2323
2324
2320
2324
2325
2322
2325
2306
2322
2326
2307
2306
2222
2327
2323
2327
2328
2323
2328
2329
2324
2329
2330
2326
2330
2308
2326
2224
2331
2327
2331
2332
2327
2332
2333
2328
2333
2334
2329
2334
2309
2308
2226
2335
2224
2335
2336
2331
2336
2337
2332
2337
2338
2333
2338
2310
2334
2349
2348
2234
2364
2349
2164
2349
2352
2348
2350
2353
2352
2351
2354
2186
2352
2355
2354
2353
2356
2355
2354
2357
2186
2355
2358
2354
2356
2359
2355
2357
2365
2199
2365
2360
2208
2358
2360
2365
2359
2361
2358
2360
2362
2208
2362
2363
2226
2361
2363
2362
2366
2364
2165
2367
2366
2253
2368
2367
2253
2366
2370
2350
2367
2371
2370
2368
2372
2371
2369
2373
2372
2373
2369
2268
2374
2373
2268
2370
2375
2353
2371
2376
2375
2372
2377
2371
2373
2378
2372
2374
2379
2378
2379
2374
2278
2375
2394
2356
2377
2380
2376
2378
2381
2377
2379
2382
2378
2382
2379
2288
2381
2384
2383
2382
2385
2384
2385
2382
2288
2394
2386
2359
2383
2388
2387
2384
2389
2388
2389
2395
2310
2385
2395
2384
2395
2385
2297
2363
2390
2226
2386
2390
2363
2390
2391
2336
2387
2391
2386
2391
2392
2337
2388
2392
2387
2392
2393
2337
2389
2393
2388
2393
2389
2310
1074
2396
998
1086
2397
1083
2396
2398
1017
2398
1167
1017
1185
2398
2397
2
0
1
4
2
3
6
4
5
9
6
7
11
8
9
13
10
11
17
14
15
18
15
16
19
0
18
21
17
18
21
18
0
22
1
19
23
20
21
24
21
2
25
23
24
6
24
4
71
26
70
10
70
8
30
14
29
31
15
30
17
29
14
35
32
33
35
33
17
37
34
35
23
35
20
39
36
37
25
37
23
40
38
39
41
39
25
42
40
41
43
41
26
44
42
43
45
43
27
30
29
46
48
32
47
48
46
29
49
47
32
36
49
34
38
50
36
52
51
38
53
52
40
54
53
42
48
47
56
48
55
46
49
56
47
59
57
56
60
58
49
61
59
58
62
60
50
63
61
60
64
62
51
65
63
62
66
64
52
67
65
64
54
66
53
68
67
66
7
5
123
75
16
73
76
73
74
22
19
75
77
3
22
78
75
76
79
77
78
81
123
79
81
79
80
83
81
82
85
83
84
87
85
86
73
16
31
74
73
89
91
74
90
78
76
91
93
78
92
82
80
93
84
82
94
86
84
95
88
86
96
98
96
97
100
31
72
90
89
100
91
90
101
92
91
102
93
92
103
94
93
104
95
94
105
107
95
106
97
96
107
99
109
98
99
97
108
112
100
111
113
112
111
102
101
112
115
102
114
116
103
115
117
104
116
118
105
117
107
106
118
120
107
119
121
120
119
110
108
120
126
12
13
127
125
126
129
183
127
129
127
128
132
129
130
133
184
131
133
131
132
135
133
134
186
185
135
137
135
136
139
137
138
187
28
71
125
183
141
187
71
12
143
142
183
145
144
184
147
146
185
150
44
45
150
45
28
152
149
150
142
150
141
153
151
152
154
152
142
155
153
154
156
154
143
158
155
156
145
156
144
160
157
158
146
158
145
162
159
160
147
160
146
163
161
162
164
162
147
149
54
44
151
165
149
167
166
151
168
167
153
157
168
155
169
188
159
170
169
161
165
68
54
171
69
68
166
171
165
173
172
171
167
173
166
175
174
173
168
175
167
178
176
175
181
179
169
182
180
179
126
13
124
189
132
238
191
134
189
191
189
190
193
136
191
194
191
192
195
138
193
196
193
194
238
124
87
198
87
88
200
197
198
201
199
200
203
201
202
189
238
203
205
203
204
190
189
205
207
190
206
194
192
207
196
194
208
210
88
98
211
198
210
212
200
211
213
202
212
214
204
213
207
206
214
208
207
215
217
208
216
210
98
109
219
109
110
220
210
218
212
211
220
213
212
221
214
213
222
215
214
223
225
215
224
226
216
225
237
217
226
228
122
121
228
227
218
219
110
122
220
218
227
221
220
229
231
221
230
232
222
231
233
223
232
234
224
233
226
225
234
239
186
139
239
139
140
241
239
240
243
306
241
243
241
242
245
243
244
308
307
245
248
245
246
250
247
248
309
308
249
251
249
250
253
251
252
306
148
186
307
256
306
261
258
259
261
259
307
262
260
261
264
262
263
309
263
308
267
163
164
268
164
148
269
267
268
270
268
255
271
269
270
272
270
256
274
271
272
274
258
273
274
272
257
275
273
258
276
275
260
264
276
262
278
277
264
279
277
278
266
278
265
281
170
163
282
281
267
283
282
269
284
283
271
286
284
273
286
285
284
288
286
275
289
287
286
290
288
276
291
289
288
279
290
277
292
291
290
294
181
170
295
182
181
296
294
281
297
295
294
298
296
282
299
297
296
300
298
283
300
299
298
285
300
284
302
301
285
303
302
287
304
303
289
305
304
291
310
140
195
311
195
196
312
240
310
313
310
311
314
242
312
315
312
313
316
244
314
317
314
315
318
246
316
318
316
317
320
248
318
320
318
319
322
250
320
322
320
321
324
252
322
324
322
323
311
196
209
313
311
326
315
313
327
329
327
328
365
317
364
331
364
330
366
321
365
333
365
332
335
209
217
335
217
236
337
326
335
337
335
336
328
327
337
339
328
338
340
329
339
341
330
340
342
331
341
343
332
342
344
333
343
345
237
226
336
236
237
368
367
346
339
338
367
350
368
348
350
340
368
351
341
350
352
342
351
353
343
352
345
226
235
346
345
354
347
346
355
348
347
356
349
348
357
359
349
358
360
359
358
351
350
359
362
361
360
352
351
361
353
352
362
376
373
374
440
309
253
377
253
254
379
377
378
441
440
379
381
379
380
383
381
382
442
441
383
386
383
384
386
384
370
388
385
386
372
386
371
443
442
387
390
387
388
390
373
389
390
388
372
391
389
373
392
266
309
441
393
440
396
395
441
398
397
442
401
279
280
392
280
266
402
400
401
403
401
392
404
402
403
405
403
393
406
404
405
407
405
394
409
406
407
396
407
395
411
408
409
397
409
396
413
410
411
398
411
397
414
412
413
415
413
398
400
292
279
416
293
292
418
416
400
419
417
416
420
418
402
420
419
418
406
420
404
423
421
420
424
422
406
410
424
408
412
425
410
427
426
412
428
305
293
429
428
417
421
429
419
423
422
431
423
430
421
424
431
422
434
432
431
425
433
424
435
434
433
426
435
425
438
436
435
439
437
426
445
370
444
446
371
445
447
372
446
376
374
447
449
254
324
449
324
325
451
378
449
451
449
450
453
380
451
454
451
452
455
382
453
444
370
384
456
453
454
457
444
455
457
455
456
446
445
457
460
457
458
461
446
459
462
459
460
462
460
497
448
447
461
463
461
462
450
325
366
465
366
334
454
452
499
467
499
466
501
456
500
501
500
468
469
458
501
471
497
470
473
334
344
474
465
473
475
466
474
476
467
475
477
468
476
470
469
477
471
470
478
472
471
479
481
344
353
482
473
481
483
474
482
484
475
483
485
476
484
486
477
485
487
478
486
480
479
487
489
363
369
481
353
363
490
481
489
503
490
502
491
482
490
492
483
491
504
492
503
493
484
492
494
485
493
495
494
504
495
486
494
496
487
495
507
375
376
508
506
507
510
508
509
512
510
511
514
512
513
517
514
515
519
516
517
521
518
519
522
443
391
506
391
375
523
522
506
574
573
523
524
523
508
525
524
510
575
574
525
526
525
512
516
526
514
528
575
527
518
527
516
520
528
518
573
399
443
574
531
573
534
533
574
536
535
575
538
414
415
539
415
399
540
538
539
541
539
530
542
540
541
543
541
531
545
542
543
533
543
532
547
544
545
534
545
533
548
546
547
549
547
534
551
548
549
536
549
535
553
550
551
537
551
536
538
427
414
554
577
540
544
554
542
546
555
544
557
556
546
550
557
548
552
558
550
563
561
554
564
562
561
565
563
555
566
564
563
566
578
564
557
565
556
567
566
565
558
567
557
569
568
567
580
579
568
571
569
558
572
570
569
560
571
559
507
376
448
509
507
581
511
509
582
513
511
583
515
513
584
517
515
585
519
517
586
521
519
587
581
448
463
590
463
464
638
464
498
582
581
590
592
590
591
583
582
592
594
592
593
639
593
638
584
583
594
596
594
595
585
584
596
599
596
597
640
597
639
586
585
598
601
598
599
587
586
600
603
600
601
603
601
640
604
587
602
604
602
603
589
588
604
606
498
472
608
638
607
610
639
609
641
640
611
606
472
480
607
606
614
608
607
615
609
608
616
610
609
617
611
610
618
612
611
619
613
612
620
614
480
488
615
614
622
624
615
623
625
616
624
626
617
625
627
618
626
628
619
627
621
620
628
630
496
505
622
488
496
623
622
630
632
631
642
624
623
631
625
624
632
634
633
643
634
625
633
635
626
634
636
635
644
636
627
635
637
628
636
647
520
521
649
646
647
651
648
649
653
650
651
656
652
653
658
654
655
658
655
656
661
657
658
662
658
659
664
660
661
665
661
662
666
576
529
646
529
520
648
666
646
668
722
667
650
667
648
652
668
650
670
723
669
671
654
670
671
669
652
672
670
654
673
672
657
674
673
660
675
537
576
723
676
722
680
677
678
681
679
680
670
680
723
684
681
682
672
682
670
686
683
684
673
684
672
688
685
686
674
686
673
690
552
553
675
553
537
691
689
690
692
690
675
694
691
692
694
677
693
694
692
676
695
693
677
696
695
679
683
696
681
685
697
683
687
698
685
701
559
552
701
560
559
703
701
689
704
702
701
705
703
691
705
704
703
707
705
693
708
706
705
696
707
695
709
724
697
711
709
698
711
710
709
700
711
699
713
572
560
714
713
702
706
714
704
716
715
706
719
717
710
719
718
717
725
521
588
725
588
589
727
647
725
727
725
726
651
649
727
729
727
728
653
651
729
731
729
730
656
653
731
733
731
732
659
656
733
737
733
734
737
734
735
662
659
736
740
736
737
741
737
738
742
662
739
742
739
740
743
740
741
745
589
605
745
605
641
728
726
745
730
728
746
793
746
792
732
730
747
749
732
748
750
748
793
735
734
749
751
735
750
752
738
751
753
741
752
754
641
613
756
792
755
750
793
757
751
750
758
760
751
759
761
752
760
754
613
621
755
754
763
756
755
764
757
756
765
758
757
766
759
758
767
769
759
768
761
760
769
762
761
770
763
621
629
773
763
772
774
764
773
775
765
774
776
766
775
777
767
776
769
768
777
770
769
778
780
637
645
780
629
637
781
772
780
795
781
794
782
773
781
775
774
782
796
783
795
784
775
783
785
776
784
787
785
796
788
777
785
790
787
786
790
788
787
791
778
788
799
57
813
800
798
797
59
813
57
801
799
813
801
800
799
804
802
801
815
814
61
805
803
814
806
804
803
808
806
805
67
815
65
816
807
815
810
808
807
811
810
809
111
72
798
800
817
798
113
111
817
819
113
818
820
818
800
820
819
818
115
114
819
822
820
802
823
821
820
823
115
821
806
822
804
824
823
822
825
116
823
808
824
806
826
825
824
827
117
825
828
826
808
828
827
826
829
118
827
812
828
810
830
829
828
121
119
829
855
816
69
832
811
816
832
812
811
834
833
832
836
855
174
836
834
855
838
835
834
178
177
839
178
836
176
841
837
836
842
838
837
843
839
177
844
840
839
844
841
840
846
842
841
847
844
843
849
845
844
850
846
845
180
848
188
851
849
848
852
850
849
854
852
851
833
830
812
858
831
830
858
121
831
835
857
833
860
858
857
229
227
858
838
859
835
861
860
859
230
229
860
842
861
838
863
862
861
864
230
862
846
863
842
865
864
863
866
231
864
850
865
846
867
866
865
868
232
866
869
867
850
869
868
867
870
233
868
854
869
852
871
870
869
872
234
870
295
856
182
889
853
856
874
854
853
876
874
873
299
889
297
890
875
889
878
876
875
880
878
877
302
890
301
891
879
890
882
880
879
884
882
881
892
891
303
885
883
891
885
884
883
887
886
885
874
871
854
893
872
871
894
235
872
876
893
874
895
894
893
896
354
894
878
895
876
897
896
895
898
355
896
880
897
878
899
898
897
900
356
898
882
899
880
901
900
899
902
357
900
884
901
882
903
902
901
360
358
902
905
903
884
905
904
903
906
360
904
907
905
886
907
906
905
929
892
305
909
887
892
909
888
887
911
910
909
930
929
429
913
911
929
913
912
911
915
914
913
434
930
432
917
915
930
917
916
915
920
918
917
438
437
921
922
931
436
922
919
931
924
920
919
439
921
437
926
922
921
926
923
922
927
924
923
932
907
888
932
908
907
933
369
908
934
932
910
935
933
932
914
934
912
936
935
934
503
502
935
916
936
914
939
937
936
918
938
916
941
939
938
504
503
939
920
940
918
943
941
940
924
942
920
945
943
942
505
504
943
928
944
924
947
945
944
948
925
439
949
926
925
950
927
926
950
928
927
952
949
948
953
950
949
955
951
950
562
953
577
964
954
953
956
964
562
957
955
954
958
957
956
579
958
578
960
570
966
580
965
579
962
961
960
951
946
928
968
947
946
642
505
947
955
967
951
969
968
967
957
969
955
971
970
969
972
642
970
959
971
957
973
972
971
975
973
959
975
974
973
976
643
974
978
976
975
961
977
965
980
978
977
645
644
978
963
979
961
982
980
979
713
966
572
983
962
966
984
963
962
986
984
983
715
999
714
1000
985
999
987
986
985
989
988
987
1001
1000
716
1001
989
1000
992
990
989
993
992
991
717
1001
724
1002
993
1001
718
1002
717
995
994
993
997
995
718
997
996
995
721
997
720
984
981
963
1004
982
981
794
645
982
986
1003
984
1006
1004
1003
1007
1005
986
1008
1006
1005
795
794
1006
1009
1007
988
1009
1008
1007
1011
1009
990
1012
1010
1009
1012
795
1010
994
1011
992
1014
1012
1011
996
1013
994
1016
1014
1013
1016
1015
786
787
796
1014
1017
1015
996
1017
786
1015
1018
663
664
1019
664
665
1021
1018
1019
1022
1019
1020
1024
1021
1022
1025
1022
1023
1027
1024
1025
1028
1025
1026
1031
1027
1028
1032
1028
1029
1034
1030
1031
1035
1031
1032
1036
1033
1034
1037
1034
1035
1037
1035
1096
1039
1036
1037
1040
674
663
1021
1040
1018
1042
1041
1021
1043
1042
1024
1030
1043
1027
1033
1044
1030
1046
687
688
1040
688
674
1048
1047
1040
1042
1048
1041
1043
1049
1042
1051
1050
1043
1052
1051
1044
1053
1052
1045
1055
699
687
1055
700
699
1056
1055
1046
1057
1056
1047
1058
1057
1048
1059
1058
1049
1060
1059
1050
1052
1060
1051
1053
1061
1052
1054
1062
1053
1064
712
700
1065
1064
1056
1058
1065
1057
1059
1066
1058
1060
1067
1059
1069
1068
1060
1070
1069
1061
1063
1070
1062
1064
719
712
1073
720
719
1073
721
720
1065
1072
1064
1076
1073
1072
1076
1074
1073
1066
1075
1065
1079
1076
1075
1079
1077
1076
1067
1078
1066
1082
1079
1078
1082
1080
1079
1068
1081
1067
1084
1082
1081
1085
1083
1082
1069
1084
1068
1087
1085
1084
1088
1086
1085
1090
1087
1069
1091
1088
1087
1091
1089
1088
1093
1090
1070
1094
1091
1090
1095
1092
1091
1192
1096
1191
1020
665
742
1099
742
743
1100
743
744
1023
1020
1099
1102
1099
1100
1026
1023
1101
1104
1101
1102
1105
1102
1193
1029
1026
1103
1107
1103
1104
1108
1104
1105
1032
1029
1106
1110
1106
1107
1111
1107
1108
1035
1032
1109
1112
1096
1035
1113
1109
1110
1114
1110
1111
1115
1191
1112
1115
1112
1113
1117
1113
1114
1118
1115
1116
1120
1116
1117
1108
1105
1121
1123
1108
1122
1124
1111
1123
1125
1114
1124
1126
1117
1125
1127
753
761
1127
761
762
1130
1127
1128
1121
1193
1129
1132
1129
1130
1133
1121
1131
1134
1131
1132
1123
1122
1133
1135
1133
1134
1124
1123
1135
1137
1135
1136
1125
1124
1137
1139
1137
1138
1126
1125
1139
1141
1139
1140
1143
771
770
1128
762
771
1146
1144
1143
1130
1128
1144
1148
1146
1145
1148
1130
1146
1150
1148
1147
1150
1132
1148
1152
1150
1149
1136
1134
1150
1153
1152
1151
1138
1136
1152
1155
1154
1153
1156
1138
1154
1157
1156
1155
1158
1140
1156
1143
770
779
1145
1143
1159
1147
1145
1160
1149
1147
1161
1151
1149
1162
1164
1151
1163
1165
1153
1164
1166
1155
1165
1168
790
789
1168
791
790
1169
779
791
1171
1168
1167
1172
1169
1168
1172
1159
1169
1174
1171
1170
1175
1172
1171
1161
1160
1172
1177
1174
1173
1178
1175
1174
1178
1161
1175
1180
1177
1176
1180
1178
1177
1181
1162
1178
1183
1180
1179
1183
1181
1180
1184
1163
1181
1186
1183
1182
1186
1184
1183
1165
1164
1184
1188
1185
1092
1188
1186
1185
1190
1187
1186
1166
1165
1187
1197
1194
1195
1200
1196
1197
1202
1198
1199
1203
1199
1200
1204
1202
1203
1206
1204
1205
1209
1206
1207
1211
1208
1209
1212
1098
1038
1214
1038
1039
1214
1194
1213
1195
1039
1097
1216
1212
1213
1216
1213
1194
1218
1215
1216
1218
1198
1217
1218
1216
1196
1219
1217
1198
1220
1219
1201
1221
1219
1220
1204
1220
1202
1223
1222
1301
1208
1301
1206
1226
1225
1212
1227
1226
1215
1228
1227
1217
1221
1228
1219
1222
1229
1221
1223
1230
1222
1234
1231
1232
1234
1232
1223
1225
1054
1098
1238
1235
1236
1238
1236
1225
1239
1237
1238
1240
1238
1226
1241
1239
1240
1242
1240
1227
1244
1241
1242
1229
1242
1228
1245
1243
1244
1246
1244
1229
1248
1245
1246
1248
1231
1247
1248
1246
1230
1249
1247
1231
1251
1235
1250
1236
1063
1054
1237
1250
1235
1253
1251
1250
1239
1252
1237
1255
1253
1252
1256
1254
1239
1257
1256
1241
1259
1257
1243
1259
1258
1257
1247
1259
1245
1262
1260
1259
1249
1261
1247
1251
1071
1063
1253
1264
1251
1255
1254
1266
1255
1265
1253
1256
1266
1254
1269
1267
1266
1270
1268
1256
1270
1269
1268
1258
1270
1257
1272
1271
1258
1262
1261
1273
1262
1272
1260
1263
1273
1261
1276
1274
1273
1264
1093
1071
1278
1094
1093
1279
1095
1094
1280
1277
1264
1280
1278
1277
1281
1279
1278
1283
1280
1265
1283
1281
1280
1284
1282
1281
1269
1283
1267
1287
1284
1283
1287
1285
1284
1289
1286
1269
1289
1287
1286
1291
1288
1287
1272
1289
1271
1292
1290
1289
1294
1291
1290
1295
1292
1272
1296
1293
1292
1297
1294
1293
1276
1295
1274
1299
1296
1295
1300
1297
1296
1195
1097
1192
1200
1197
1391
1303
1203
1392
1207
1205
1303
1305
1303
1304
1307
1207
1305
1307
1305
1306
1309
1209
1307
1309
1307
1308
1391
1192
1118
1311
1118
1119
1313
1119
1120
1314
1311
1312
1316
1312
1313
1392
1391
1314
1317
1315
1316
1304
1392
1393
1394
1393
1318
1308
1306
1394
1395
1394
1320
1313
1120
1126
1316
1313
1323
1317
1316
1324
1318
1317
1325
1319
1318
1326
1320
1319
1327
1321
1320
1328
1330
1321
1329
1331
1126
1141
1332
1141
1142
1333
1323
1331
1334
1331
1332
1325
1324
1333
1336
1333
1334
1326
1325
1335
1337
1335
1336
1327
1326
1337
1339
1337
1338
1328
1327
1339
1342
1339
1340
1343
1328
1341
1330
1329
1343
1345
1158
1157
1346
1142
1158
1347
1346
1345
1348
1332
1346
1349
1348
1347
1350
1334
1348
1351
1350
1349
1352
1336
1350
1353
1352
1351
1340
1338
1352
1356
1354
1353
1356
1355
1341
1342
1340
1354
1343
1341
1355
1344
1343
1357
1359
1157
1166
1360
1345
1359
1361
1347
1360
1362
1349
1361
1363
1351
1362
1364
1353
1363
1357
1355
1364
1358
1357
1365
1367
1188
1095
1367
1189
1188
1369
1190
1189
1359
1166
1190
1370
1367
1279
1370
1368
1367
1372
1369
1368
1360
1359
1369
1373
1370
1282
1373
1371
1370
1374
1372
1371
1361
1360
1372
1288
1373
1285
1376
1374
1373
1377
1375
1374
1378
1361
1375
1291
1376
1288
1379
1377
1376
1380
1378
1377
1381
1362
1378
1294
1379
1291
1382
1380
1379
1383
1381
1380
1364
1363
1381
1297
1382
1294
1385
1383
1382
1386
1384
1383
1365
1364
1384
1300
1385
1297
1388
1386
1385
1389
1387
1386
1366
1365
1387
1397
1210
1211
1398
1396
1397
1400
1472
1398
1402
1398
1399
1404
1400
1401
1405
1401
1402
1473
1403
1404
1407
1404
1405
1408
1406
1407
1410
1408
1409
1413
1410
1411
1474
1224
1302
1396
1472
1414
1474
1302
1210
1400
1415
1472
1403
1416
1400
1473
1417
1403
1475
1418
1473
1420
1419
1475
1410
1475
1408
1422
1233
1234
1423
1234
1224
1424
1422
1423
1415
1423
1414
1426
1424
1425
1427
1425
1415
1428
1426
1427
1429
1427
1416
1430
1428
1429
1431
1429
1417
1433
1430
1431
1419
1431
1418
1435
1432
1433
1420
1433
1419
1437
1434
1435
1421
1435
1420
1422
1249
1233
1478
1477
1424
1479
1478
1428
1434
1479
1432
1438
1275
1263
1438
1276
1275
1440
1439
1438
1478
1440
1477
1442
1441
1440
1445
1443
1442
1446
1444
1478
1449
1447
1479
1449
1448
1447
1452
1450
1449
1439
1298
1276
1454
1299
1298
1455
1300
1299
1456
1453
1439
1457
1454
1453
1458
1455
1454
1459
1456
1441
1459
1457
1456
1445
1444
1460
1445
1459
1443
1446
1460
1444
1463
1461
1460
1463
1481
1461
1464
1462
1446
1464
1463
1462
1448
1464
1447
1466
1465
1448
1467
1482
1465
1452
1466
1450
1469
1467
1466
1470
1468
1467
1483
1211
1309
1483
1309
1310
1485
1397
1483
1485
1483
1484
1402
1399
1485
1487
1405
1567
1409
1407
1487
1489
1487
1488
1491
1409
1489
1491
1489
1490
1493
1411
1491
1493
1491
1492
1484
1310
1395
1568
1395
1322
1569
1486
1568
1569
1568
1496
1488
1567
1569
1570
1569
1498
1492
1490
1570
1571
1570
1500
1495
1322
1330
1496
1495
1503
1506
1496
1504
1506
1504
1505
1498
1497
1506
1509
1506
1507
1510
1498
1508
1500
1499
1510
1513
1500
1511
1513
1511
1512
1515
1501
1513
1516
1513
1514
1503
1330
1344
1504
1503
1517
1505
1504
1518
1520
1519
1518
1507
1505
1519
1523
1521
1520
1509
1522
1508
1523
1507
1521
1524
1508
1522
1525
1510
1524
1512
1511
1525
1527
1512
1526
1528
1514
1527
1517
1344
1358
1530
1517
1529
1520
1518
1530
1532
1520
1531
1533
1522
1532
1525
1524
1533
1535
1525
1534
1536
1535
1534
1527
1526
1535
1539
1537
1536
1528
1527
1537
1529
1358
1366
1530
1529
1540
1543
1542
1541
1531
1530
1542
1545
1572
1544
1573
1532
1572
1547
1573
1546
1574
1534
1573
1455
1388
1300
1549
1389
1388
1550
1390
1389
1540
1366
1390
1458
1549
1455
1552
1550
1549
1554
1551
1550
1554
1553
1541
1554
1540
1551
1555
1552
1458
1556
1553
1552
1556
1541
1553
1558
1556
1555
1544
1543
1556
1559
1557
1481
1560
1558
1557
1545
1544
1558
1562
1560
1559
1546
1545
1560
1468
1561
1482
1564
1562
1561
1547
1546
1562
1565
1563
1468
1566
1564
1563
1548
1547
1564
1575
1660
1661
1577
1575
1576
1579
1662
1577
1579
1577
1578
1581
1579
1580
1583
1421
1476
1664
1476
1412
1665
1584
1664
1665
1664
1659
1665
1660
1586
1587
1586
1660
1663
1588
1662
1592
1589
1590
1594
1436
1437
1583
1437
1421
1595
1593
1594
1596
1594
1583
1598
1595
1596
1585
1596
1584
1600
1597
1598
1600
1598
1585
1602
1599
1600
1587
1600
1586
1603
1601
1602
1604
1602
1587
1606
1603
1604
1606
1589
1605
1606
1604
1588
1607
1605
1589
1593
1480
1436
1597
1666
1595
1608
1667
1599
1609
1608
1601
1610
1609
1603
1607
1610
1605
1609
1612
1608
1615
1613
1612
1616
1614
1609
1611
1616
1610
1666
1451
1480
1618
1452
1451
1621
1619
1618
1622
1620
1666
1624
1623
1622
1613
1625
1667
1615
1614
1627
1615
1626
1613
1616
1627
1614
1630
1628
1627
1617
1629
1616
1631
1630
1629
1633
1469
1452
1634
1470
1469
1634
1471
1470
1621
1620
1636
1621
1633
1619
1638
1634
1633
1638
1635
1634
1640
1636
1620
1640
1637
1636
1623
1640
1622
1641
1638
1637
1643
1639
1638
1644
1641
1623
1644
1642
1641
1646
1643
1642
1626
1644
1625
1647
1645
1644
1648
1646
1645
1650
1647
1626
1650
1648
1647
1652
1649
1648
1630
1650
1628
1654
1651
1650
1654
1652
1651
1656
1653
1630
1657
1654
1653
1657
1655
1654
1668
1413
1493
1668
1493
1494
1670
1668
1669
1672
1659
1670
1672
1670
1671
1674
1672
1673
1576
1661
1674
1677
1674
1675
1677
1675
1761
1578
1576
1676
1679
1676
1677
1580
1578
1678
1681
1678
1679
1763
1679
1762
1582
1580
1680
1683
1680
1681
1669
1494
1571
1764
1571
1502
1765
1671
1764
1765
1764
1685
1761
1675
1765
1688
1761
1687
1690
1762
1689
1692
1502
1515
1693
1515
1516
1694
1684
1692
1695
1692
1693
1686
1685
1694
1696
1694
1695
1698
1686
1696
1698
1696
1697
1688
1687
1698
1700
1698
1699
1689
1688
1700
1702
1700
1701
1690
1689
1702
1705
1702
1703
1691
1690
1704
1707
1516
1528
1695
1693
1707
1709
1695
1708
1710
1697
1709
1701
1699
1710
1714
1712
1711
1714
1701
1712
1716
1714
1713
1716
1715
1704
1716
1703
1714
1706
1704
1715
1718
1539
1538
1707
1528
1539
1720
1707
1719
1721
1708
1720
1723
1709
1721
1725
1723
1722
1725
1724
1711
1725
1710
1723
1726
1711
1724
1727
1713
1726
1728
1715
1727
1730
1574
1548
1730
1538
1574
1731
1718
1730
1733
1730
1729
1733
1731
1730
1720
1719
1731
1736
1733
1732
1737
1734
1733
1721
1720
1734
1738
1736
1735
1740
1737
1736
1740
1739
1722
1740
1721
1737
1741
1739
1738
1724
1722
1739
1767
1766
1742
1727
1726
1766
1635
1565
1471
1745
1566
1565
1746
1548
1566
1639
1745
1635
1747
1746
1745
1748
1729
1746
1643
1747
1639
1749
1748
1747
1750
1732
1748
1646
1749
1643
1752
1750
1749
1738
1735
1750
1753
1751
1646
1754
1752
1751
1741
1738
1752
1755
1753
1649
1756
1754
1753
1742
1741
1754
1655
1755
1652
1758
1756
1755
1743
1742
1756
1658
1757
1655
1760
1758
1757
1744
1743
1758
1772
1663
1581
1772
1581
1582
1774
1772
1773
1776
1861
1774
1776
1774
1775
1778
1776
1777
1780
1862
1778
1780
1778
1779
1783
1780
1781
1783
1781
1768
1784
1863
1782
1785
1782
1783
1770
1783
1769
1787
1784
1785
1771
1785
1770
1788
1591
1592
1861
1592
1663
1790
1788
1789
1792
1790
1791
1862
1791
1861
1794
1792
1793
1796
1794
1795
1797
1795
1862
1798
1796
1797
1800
1798
1799
1864
1799
1863
1802
1800
1801
1804
1607
1591
1805
1804
1788
1806
1805
1790
1794
1806
1792
1796
1807
1794
1809
1808
1796
1810
1809
1798
1811
1810
1800
1804
1611
1607
1812
1865
1805
1807
1812
1806
1808
1813
1807
1815
1814
1808
1816
1815
1809
1811
1816
1810
1819
1818
1812
1820
1819
1813
1815
1820
1814
1822
1821
1815
1823
1822
1816
1824
1631
1617
1825
1632
1631
1818
1826
1865
1819
1827
1818
1820
1828
1819
1830
1866
1821
1823
1830
1822
1833
1831
1830
1825
1824
1834
1825
1656
1632
1836
1657
1656
1837
1658
1657
1826
1834
1824
1839
1835
1834
1839
1836
1835
1841
1837
1836
1827
1838
1826
1842
1839
1838
1843
1840
1839
1845
1841
1840
1846
1842
1827
1846
1843
1842
1829
1846
1828
1848
1844
1843
1849
1845
1844
1850
1848
1847
1850
1849
1848
1852
1851
1850
1854
1852
1866
1855
1853
1852
1833
1832
1857
1833
1854
1831
1859
1855
1854
1860
1856
1855
1868
1768
1867
1869
1769
1868
1870
1770
1869
1773
1582
1682
1872
1682
1683
1943
1683
1763
1873
1773
1871
1874
1871
1872
1875
1775
1873
1876
1873
1874
1944
1874
1943
1779
1777
1875
1878
1875
1876
1781
1779
1877
1879
1768
1781
1880
1877
1878
1945
1878
1944
1881
1867
1879
1881
1879
1880
1883
1868
1881
1883
1881
1882
1884
1882
1945
1870
1869
1883
1885
1883
1884
1887
1763
1691
1889
1943
1888
1891
1944
1890
1946
1945
1892
1895
1691
1706
1896
1887
1895
1897
1888
1896
1898
1889
1897
1899
1890
1898
1892
1891
1899
1901
1892
1900
1902
1893
1901
1895
1706
1717
1896
1895
1903
1897
1896
1904
1906
1897
1905
1907
1898
1906
1900
1899
1907
1909
1900
1908
1910
1901
1909
1903
1717
1728
1904
1903
1911
1905
1904
1912
1906
1905
1913
1915
1906
1914
1908
1907
1915
1909
1908
1916
1910
1909
1917
1919
1767
1744
1947
1728
1767
1921
1947
1920
1948
1912
1947
1949
1948
1922
1915
1914
1948
1925
1949
1924
1950
1916
1949
1837
1759
1658
1928
1760
1759
1919
1744
1760
1929
1927
1837
1930
1928
1927
1920
1919
1928
1845
1929
1841
1932
1930
1929
1921
1920
1930
1933
1931
1845
1933
1932
1931
1922
1921
1932
1851
1933
1849
1935
1934
1933
1936
1922
1934
1853
1935
1851
1938
1936
1935
1924
1923
1936
1856
1937
1853
1940
1938
1937
1925
1924
1938
1941
1939
1856
1942
1940
1939
1926
1925
1940
1959
1864
1786
1960
1786
1787
1951
1787
1771
1962
1959
1960
1952
1960
1951
1963
2046
1961
1964
1961
1962
1953
1962
1952
1965
1963
1964
1966
1964
1953
2048
2047
1965
1967
1965
1966
1968
1966
1954
1969
1967
1968
1970
1968
1955
2049
2048
1969
1971
1969
1970
1972
1970
1956
1973
1971
1972
1958
1972
1957
1975
1802
1803
2046
1803
1864
1977
1975
1976
1979
1977
1978
2047
1978
2046
1982
1979
1980
1984
1981
1982
1984
1982
2047
1986
1983
1984
1987
1985
1986
1988
1986
2048
1990
1811
1802
1991
1990
1975
1992
1991
1977
1981
1992
1979
1983
1993
1981
1985
1994
1983
1987
1995
1985
1997
1996
1987
1998
1996
1997
1989
1997
1988
1990
1817
1811
2001
2000
1990
1992
2001
1991
2051
2050
1993
1996
2051
1995
2002
1823
1817
2001
2002
2000
2002
1832
1823
2006
2004
2002
2006
2005
2004
2008
2006
2003
2009
2007
2006
2011
2009
2008
2051
2010
2050
2015
2013
2051
2015
2014
2013
2004
1857
1832
2019
1858
1857
2005
2018
2004
2020
1859
1858
2021
1860
1859
2022
2019
2005
2022
2020
2019
2023
2021
2020
2009
2022
2007
2025
2023
2022
2027
2024
2023
2011
2010
2028
2011
2025
2009
2030
2026
2025
2030
2027
2026
2012
2028
2010
2033
2029
2028
2033
2030
2029
2035
2031
2030
2036
2032
2012
2036
2033
2032
2014
2036
2013
2038
2034
2033
2039
2035
2034
2040
2037
2014
2040
2038
2037
2042
2039
2038
2017
2040
2016
2043
2041
2040
2045
2042
2041
2053
1771
1870
2054
1951
2053
1953
1952
2054
1954
1953
2055
1955
1954
2056
1956
1955
2057
1957
1956
2058
2060
1957
2059
2053
1870
1885
2061
1885
1886
2147
1886
1946
2054
2053
2061
2063
2061
2062
2055
2054
2063
2065
2063
2064
2066
2064
2147
2067
2055
2065
2068
2065
2066
2069
2056
2067
2070
2067
2068
2070
2068
2148
2071
2057
2069
2072
2069
2070
2073
2058
2071
2074
2071
2072
2074
2072
2149
2075
1974
1958
2060
2059
2073
2076
2073
2074
2077
1946
1894
2079
2147
2078
2149
2148
2080
2084
2149
2082
2084
2082
2083
2087
2084
2085
2088
1894
1902
2089
2077
2088
2079
2078
2089
2080
2079
2090
2081
2080
2091
2094
2081
2092
2094
2092
2093
2083
2082
2094
2096
2083
2095
2097
2085
2096
2098
1902
1910
2099
2088
2098
2090
2089
2099
2091
2090
2100
2092
2091
2101
2093
2092
2102
2104
2103
2102
2105
2093
2103
2106
2095
2105
2097
2096
2106
2098
1910
1918
2109
2098
2108
2110
2099
2109
2111
2100
2110
2102
2101
2111
2104
2102
2112
2114
2104
2113
2115
2114
2113
2106
2105
2114
2117
2106
2116
2118
1950
1926
2151
1918
1950
2152
2151
2119
2110
2109
2151
2153
2152
2121
2112
2111
2152
2125
2153
2123
2115
2113
2153
2126
2115
2125
2127
2126
2125
2117
2116
2126
2129
1941
1860
2129
1942
1941
2130
1926
1942
2131
2129
2021
2131
2130
2129
2132
2118
2130
2133
2131
2024
2133
2132
2131
2134
2119
2132
2135
2133
2027
2135
2134
2133
2136
2120
2134
2137
2135
2031
2137
2136
2135
2138
2121
2136
2139
2137
2035
2139
2138
2137
2140
2122
2138
2141
2139
2039
2141
2140
2139
2124
2123
2140
2143
2124
2142
2144
2141
2042
2145
2142
2141
2145
2143
2142
2127
2125
2143
2227
2049
1973
2155
1973
1974
2157
2154
2155
2158
2156
2157
2161
2158
2159
2164
2162
2163
2227
1989
2049
2229
2167
2227
2231
2167
2229
2158
2229
2156
2168
2230
2231
2232
2231
2160
2234
2169
2232
2162
2232
2228
2170
1999
1989
2171
2170
2166
2173
2172
2168
2175
2052
1999
2177
2174
2175
2171
2175
2170
2179
2176
2177
2179
2177
2171
2181
2178
2179
2182
2180
2181
2172
2181
2230
2184
2183
2172
2185
2184
2173
2176
2187
2174
2190
2188
2187
2178
2189
2176
2192
2190
2189
2180
2191
2178
2194
2192
2191
2182
2193
2180
2195
2194
2193
2183
2195
2182
2184
2196
2183
2185
2197
2184
2186
2198
2185
2188
2017
2052
2190
2200
2188
2192
2201
2190
2203
2202
2201
2236
2235
2194
2205
2204
2235
2198
2236
2197
2237
2206
2236
2200
2043
2017
2209
2044
2043
2211
2045
2044
2212
2209
2200
2212
2210
2209
2202
2212
2201
2214
2211
2210
2215
2213
2202
2215
2214
2213
2204
2215
2203
2217
2216
2215
2205
2217
2204
2219
2218
2217
2206
2219
2205
2221
2220
2219
2207
2221
2206
2223
2222
2221
2208
2223
2207
2226
2224
2223
2238
1974
2075
2238
2075
2076
2239
2076
2150
2240
2155
2238
2240
2238
2239
2242
2157
2240
2242
2240
2241
2340
2241
2339
2244
2159
2242
2244
2242
2243
2246
2161
2244
2246
2244
2245
2247
2245
2340
2248
2246
2247
2163
2228
2248
2251
2248
2249
2251
2249
2341
2165
2163
2250
2253
2250
2251
2339
2150
2086
2255
2086
2087
2256
2254
2255
2258
2339
2256
2258
2256
2257
2260
2258
2259
2262
2340
2260
2262
2260
2261
2264
2262
2263
2342
2341
2265
2268
2266
2267
2255
2087
2097
2257
2255
2270
2259
2257
2271
2273
2259
2272
2274
2261
2273
2274
2273
2347
2275
2263
2274
2276
2265
2275
2277
2275
2343
2267
2266
2276
2278
2267
2277
2270
2097
2107
2271
2270
2279
2272
2271
2280
2282
2272
2281
2283
2282
2281
2285
2347
2284
2277
2343
2286
2278
2277
2287
2289
2107
2117
2290
2279
2289
2291
2280
2290
2283
2281
2291
2293
2283
2292
2294
2293
2292
2285
2284
2293
2286
2285
2294
2345
2295
2344
2287
2286
2295
2288
2287
2296
2299
2128
2127
2299
2117
2128
2301
2299
2298
2301
2289
2299
2303
2301
2300
2303
2290
2301
2305
2303
2302
2305
2291
2303
2306
2305
2304
2307
2292
2305
2345
2344
2308
2346
2345
2309
2211
2144
2045
2312
2145
2144
2312
2146
2145
2313
2127
2146
2214
2311
2211
2315
2312
2311
2315
2313
2312
2316
2298
2313
2317
2314
2214
2318
2315
2314
2318
2316
2315
2319
2300
2316
2320
2317
2216
2321
2318
2317
2321
2319
2318
2322
2302
2319
2323
2320
2218
2324
2321
2320
2324
2322
2321
2306
2304
2322
2326
2306
2325
2222
2323
2220
2328
2324
2323
2329
2325
2324
2329
2326
2325
2308
2307
2326
2224
2327
2222
2332
2328
2327
2333
2329
2328
2334
2330
2329
2334
2308
2330
2335
2331
2224
2336
2332
2331
2337
2333
2332
2338
2334
2333
2310
2309
2334
2348
2233
2234
2349
2234
2164
2352
2351
2348
2350
2352
2349
2351
2186
2233
2352
2354
2351
2353
2355
2352
2357
2199
2186
2358
2357
2354
2359
2358
2355
2365
2237
2199
2365
2208
2237
2358
2365
2357
2361
2360
2358
2362
2225
2208
2362
2226
2225
2361
2362
2360
2366
2165
2252
2366
2252
2253
2368
2253
2342
2366
2350
2364
2367
2370
2366
2368
2371
2367
2369
2372
2368
2369
2342
2268
2374
2268
2269
2370
2353
2350
2371
2375
2370
2377
2376
2371
2378
2377
2372
2374
2378
2373
2374
2269
2278
2375
2356
2353
2380
2394
2376
2381
2380
2377
2382
2381
2378
2379
2278
2288
2381
2383
2380
2382
2384
2381
2385
2288
2297
2386
2361
2359
2383
2387
2394
2384
2388
2383
2395
2346
2310
2395
2389
2384
2395
2297
2346
2390
2335
2226
2386
2363
2361
2390
2336
2335
2391
2390
2386
2391
2337
2336
2392
2391
2387
2393
2338
2337
2393
2392
2388
2393
2310
2338
1074
998
721
2397
2396
1083
2396
1017
998
1167
789
1017
1185
2397
1092