-988.664673
-876.096863
738.504211
-988.664673
-876.096863
745.288635
-989.119507
-864.591003
736.85437
-989.011658
-864.037598
751.2052
-989.24176
-845.588989
736.948914
-989.745056
-845.588989
750.578979
-989.343994
-826.586975
737.232117
-990.272766
-826.586975
750.578979
-989.808655
-807.585022
736.340027
-991.085449
-807.585022
750.578979
-990.404846
-788.583008
734.952576
-992.038513
-788.583008
750.578979
-990.784058
-769.580994
733.395813
-992.634521
-769.580994
750.578979
-970.060364
-893.568176
721.102112
-972.597595
-894.742676
731.577026
-974.765198
-896.184692
750.578979
-973.826782
-883.593018
716.996887
-982.704041
-882.895691
731.932922
-984.852173
-882.895691
751.2052
-977.104248
-864.591003
713.417847
-986.605286
-864.591003
727.353394
-987.801331
-870.002686
757.956665
-976.81427
-845.588989
713.847473
-986.315247
-845.588989
727.447937
-976.419189
-826.586975
714.298645
-976.539368
-807.585022
714.077209
-977.047302
-788.583008
713.575195
-977.769043
-769.580994
713.271179
-959.601013
-893.987427
719.588501
-959.601013
-896.366882
731.577026
-959.601013
-898.858154
750.578979
-955.373291
-878.048889
700.994019
-960.864746
-884.066956
709.006226
-957.705994
-864.591003
700.350464
-967.20697
-864.591003
703.91687
-956.314209
-845.588989
701.141724
-965.815186
-845.588989
704.346497
-955.369019
-826.586975
701.395447
-964.869995
-826.586975
704.797607
-956.350647
-807.585022
700.809387
-965.851685
-807.585022
704.576233
-957.565979
-788.583008
700.328491
-967.066956
-788.583008
704.074158
-958.016663
-769.580994
700.378418
-967.517639
-769.580994
703.770203
-940.598999
-894.011047
719.228027
-940.598999
-879.33551
700.264526
-940.598999
-888.836487
709.727051
-940.598999
-864.591003
698.11853
-940.598999
-845.588989
699.566528
-940.598999
-826.586975
700.171509
-940.598999
-807.585022
699.493225
-940.598999
-788.583008
698.907104
-940.598999
-769.580994
698.615417
-927.908386
-893.599609
720.62146
-928.158875
-877.126465
701.40802
-921.699646
-884.655457
713.042847
-926.722534
-864.591003
700.842041
-917.221558
-864.591003
706.414856
-927.330811
-845.588989
701.49884
-917.829834
-845.588989
706.228027
-927.99884
-826.586975
701.850037
-918.497864
-826.586975
706.545837
-928.293945
-807.585022
701.757813
-918.792908
-807.585022
707.203186
-928.358521
-788.583008
701.652649
-918.857483
-788.583008
707.507019
-927.312866
-769.580994
701.310974
-917.81189
-769.580994
706.672729
-985.980286
-817.085999
727.285095
-986.90918
-779.08197
724.673157
-927.923767
-895.374573
737.656799
-973.04895
-895.814453
769.580994
-970.516052
-894.324463
780.489502
-979.78418
-883.593018
769.580994
-972.374268
-883.593018
782.318665
-984.025757
-864.037598
767.910156
-973.732178
-864.591003
783.544739
-983.777161
-845.588989
770.81189
-974.276123
-845.588989
783.900879
-984.444763
-826.586975
771.931213
-974.943726
-826.586975
784.448486
-984.986145
-807.585022
772.844055
-975.485107
-807.585022
784.981995
-985.325073
-788.583008
773.631348
-975.824097
-788.583008
785.406799
-985.696838
-769.580994
774.276794
-976.195862
-769.580994
785.695435
-959.601013
-899.054382
769.580994
-959.601013
-895.669678
782.574402
-959.601013
-883.593018
788.612671
-959.601013
-864.591003
791.319763
-959.601013
-845.588989
791.869995
-959.601013
-826.586975
792.726807
-959.601013
-807.585022
793.883911
-958.368896
-789.642456
795.482605
-951.213501
-784.014771
798.435852
-958.368896
-768.313782
795.731567
-951.213501
-773.802979
798.435852
-940.598999
-898.330627
769.580994
-940.598999
-895.587219
782.813477
-940.598999
-883.593018
790.034546
-940.598999
-864.591003
793.750549
-940.598999
-845.588989
794.205566
-940.598999
-826.586975
794.862976
-940.598999
-807.585022
796.465637
-940.598999
-796.30658
797.861755
-940.598999
-786.805542
799.109741
-948.34198
-761.134949
798.013367
-941.444397
-768.313782
799.015137
-921.555847
-895.177368
769.34137
-927.862427
-894.214478
780.808289
-915.194458
-889.987427
775.515625
-921.555847
-883.629272
783.585999
-921.596985
-864.591003
788.057617
-921.596985
-845.588989
788.578979
-921.596985
-826.586975
789.194519
-921.596985
-807.585022
790.784302
-921.80426
-789.901978
794.232727
-928.276489
-784.447266
799.099792
-919.073914
-769.580994
793.931519
-928.57489
-769.580994
798.984009
-988.435059
-851.461853
760.886597
-989.526428
-798.083984
763.669861
-990.823975
-751.473145
730.0495
-992.949829
-750.578979
750.578979
-992.721863
-731.577026
731.577026
-993.438843
-731.577026
750.578979
-992.842529
-712.575012
731.577026
-994.040833
-712.575012
750.578979
-992.042419
-693.572998
731.577026
-994.659912
-693.572998
750.578979
-992.050476
-674.570984
731.577026
-995.421326
-674.570984
750.578979
-993.807068
-655.56897
731.577026
-996.687073
-655.56897
750.578979
-996.445313
-636.567017
731.577026
-998.391724
-636.567017
750.578979
-997.955566
-617.565002
731.577026
-1000.009094
-617.565002
750.578979
-980.34906
-751.473145
714.518921
-978.603027
-731.577026
711.631714
-978.603027
-712.575012
711.583008
-978.603027
-693.572998
712.35321
-978.603027
-674.570984
712.696777
-978.603027
-655.56897
711.978699
-978.603027
-636.567017
711.05658
-978.603027
-617.565002
710.585815
-957.955444
-750.578979
700.374756
-967.456482
-750.578979
703.745422
-957.817749
-731.577026
700.293091
-967.318726
-731.577026
703.794495
-958.065735
-712.575012
700.46051
-967.566711
-712.575012
703.651855
-958.156555
-693.572998
700.914001
-967.657593
-693.572998
703.52179
-956.846313
-674.570984
701.588562
-966.347351
-674.570984
703.735535
-954.286194
-655.56897
702.215271
-963.78717
-655.56897
704.291992
-953.284302
-636.567017
702.291992
-962.785278
-636.567017
704.675232
-954.925598
-617.565002
701.753113
-964.426636
-617.565002
704.409424
-940.598999
-750.578979
697.992065
-940.598999
-731.577026
697.699524
-940.598999
-712.575012
698.309326
-940.598999
-693.572998
699.199219
-940.598999
-636.567017
700.795898
-940.598999
-617.565002
700.052307
-925.165527
-750.578979
700.691345
-915.664551
-750.578979
705.095764
-923.7453
-731.577026
700.480408
-914.244324
-731.577026
704.105103
-923.256348
-712.575012
700.922791
-913.75531
-712.575012
703.753235
-920.237366
-693.959534
701.516418
-912.996887
-700.551208
703.395325
-924.571045
-636.567017
701.577881
-915.070068
-636.567017
704.80426
-926.987427
-617.565002
701.37323
-917.486389
-617.565002
707.329895
-989.046814
-738.656128
720.832947
-988.942627
-703.073975
720.956299
-989.055908
-665.070007
720.898926
-991.35791
-627.065979
718.853882
-987.847107
-758.403259
722.697205
-927.17981
-661.854126
701.438538
-991.233337
-674.754211
771.253235
-988.312622
-668.542358
779.320068
-993.269653
-655.56897
769.580994
-988.870178
-655.56897
779.925842
-994.679688
-636.567017
769.580994
-989.679321
-636.567017
780.843018
-995.559631
-617.565002
769.580994
-990.052185
-617.565002
781.348572
-986.162781
-750.578979
774.89801
-976.661743
-750.578979
785.76532
-986.412781
-731.577026
775.340027
-976.911743
-731.577026
785.743286
-986.652466
-712.575012
776.05719
-977.151428
-712.575012
785.907837
-987.325317
-693.572998
777.578247
-977.824341
-693.572998
786.122986
-987.892273
-681.210327
778.702026
-980.37616
-674.754211
784.95575
-978.603027
-655.56897
787.330811
-978.603027
-636.567017
788.820862
-978.603027
-617.565002
790.024475
-959.601013
-750.578979
794.856201
-959.601013
-731.577026
794.55304
-959.601013
-712.575012
794.80365
-959.601013
-693.572998
795.105835
-959.601013
-674.570984
795.253479
-959.601013
-655.56897
795.503906
-959.601013
-636.567017
796.319702
-960.16687
-619.437866
797.421387
-941.444397
-751.903198
797.111084
-935.674011
-759.119995
798.268188
-940.598999
-731.577026
795.491882
-940.598999
-712.575012
795.333618
-940.598999
-693.572998
795.470215
-940.598999
-674.570984
795.525146
-940.598999
-655.56897
795.631958
-940.598999
-636.567017
796.063232
-940.925842
-619.437866
796.885254
-923.171631
-751.903198
792.717102
-930.555359
-759.119995
798.268188
-921.596985
-731.577026
788.927917
-921.596985
-712.575012
788.45166
-921.596985
-693.572998
788.526733
-921.596985
-674.570984
788.623962
-921.596985
-655.56897
788.853821
-921.596985
-636.567017
789.231079
-921.596985
-617.565002
789.587219
-954.210083
-614.352478
798.659363
-947.477722
-614.352478
798.659363
-990.451233
-722.075989
766.467346
-998.112366
-598.562988
731.577026
-1001.304199
-598.562988
750.578979
-997.984985
-579.560974
731.577026
-1002.151611
-579.560974
750.578979
-998.029297
-560.559021
731.577026
-1002.640686
-560.559021
750.578979
-998.008728
-541.557007
731.577026
-1002.887329
-541.557007
750.578979
-997.809998
-522.554993
731.577026
-1002.979675
-522.554993
750.578979
-997.542969
-503.553009
731.577026
-1003.117493
-503.553009
750.578979
-997.376099
-484.550995
731.577026
-1003.30481
-484.550995
750.578979
-997.481262
-465.549011
731.577026
-1003.550354
-465.549011
750.578979
-978.603027
-598.562988
710.249756
-978.603027
-579.560974
709.929321
-978.603027
-560.559021
709.526672
-969.418823
-537.694031
702.909729
-976.892883
-543.039612
708.136658
-969.691589
-522.554993
702.757935
-979.192566
-522.554993
709.594604
-969.679382
-503.553009
702.757263
-979.180359
-503.553009
709.848877
-969.402527
-491.657593
702.908813
-976.883118
-485.014557
708.851868
-978.603027
-465.549011
710.89447
-956.945618
-598.562988
701.138245
-966.446594
-598.562988
703.880798
-958.147339
-579.560974
700.932007
-967.648376
-579.560974
703.506592
-959.017639
-560.559021
700.967468
-968.518677
-560.559021
703.231384
-961.449646
-543.039612
701.233215
-969.016052
-550.362061
703.095398
-959.601013
-522.554993
700.573547
-959.601013
-503.553009
700.846191
-960.431152
-485.014557
701.898438
-967.318665
-478.989594
703.362793
-955.830688
-465.549011
702.154053
-965.331665
-465.549011
703.777527
-940.598999
-598.562988
699.393066
-940.598999
-579.560974
699.437866
-940.598999
-560.559021
700.184875
-939.440186
-542.21582
701.218201
-932.333618
-536.320984
703.505615
-943.110291
-522.554993
700.889648
-933.609314
-522.554993
704.031189
-944.084656
-503.553009
701.162964
-934.583679
-503.553009
704.369263
-944.576355
-484.550995
701.728455
-935.075378
-484.550995
704.159363
-943.241882
-465.549011
702.154053
-933.740906
-465.549011
703.558838
-927.901855
-598.562988
701.328796
-918.400879
-598.562988
708.951965
-928.509827
-579.560974
701.579895
-919.008789
-579.560974
709.646545
-929.752869
-560.559021
702.291443
-920.251892
-560.559021
710.330322
-930.786499
-548.989014
702.884644
-923.310303
-542.21582
709.792297
-921.596985
-522.554993
712.849731
-921.596985
-503.553009
713.442505
-921.596985
-484.550995
712.337341
-921.596985
-465.549011
709.888855
-990.928589
-589.062012
718.970825
-990.768555
-551.057983
718.878784
-990.441772
-513.054016
719.222778
-990.180054
-475.049988
719.636292
-996.395691
-598.562988
769.580994
-990.228699
-598.562988
781.636902
-997.495056
-579.560974
769.580994
-990.654297
-579.560974
782.212463
-998.390198
-560.559021
769.580994
-991.09082
-560.559021
782.767029
-999.016602
-541.557007
769.580994
-991.496948
-541.557007
783.223877
-999.674683
-522.554993
769.580994
-992.054626
-522.554993
783.959229
-1000.498901
-503.553009
769.580994
-992.699158
-503.553009
784.911377
-1001.257813
-484.550995
769.580994
-993.255554
-484.550995
785.788635
-1001.792786
-465.549011
769.580994
-993.645142
-465.549011
786.496277
-978.603027
-598.562988
790.783203
-977.029541
-580.29541
792.910828
-969.646606
-574.450989
798.352966
-970.406433
-560.559021
798.754517
-971.414185
-541.557007
799.343872
-972.601807
-522.554993
800.04718
-973.894592
-503.553009
800.757935
-975.037415
-484.550995
801.348877
-975.944336
-465.549011
801.764832
-966.857788
-598.562988
797.729248
-957.356812
-598.562988
799.141907
-968.333679
-587.119019
797.956116
-961.040222
-580.29541
799.244629
-959.601013
-560.559021
800.211426
-959.601013
-541.557007
801.441895
-959.601013
-522.554993
802.966431
-959.601013
-503.553009
804.321899
-959.601013
-484.550995
805.369934
-959.601013
-465.549011
806.054932
-936.016602
-598.562988
796.857849
-935.415833
-579.560974
796.939697
-934.896912
-560.559021
797.029175
-932.730835
-541.557007
797.605347
-931.120605
-531.996521
798.077148
-938.712341
-524.419556
800.820557
-940.598999
-503.553009
802.95874
-940.598999
-484.550995
803.978027
-940.598999
-465.549011
804.746094
-921.596985
-598.562988
789.69397
-921.596985
-579.560974
789.596008
-921.596985
-560.559021
789.631836
-921.596985
-541.557007
790.384155
-922.772156
-524.419556
792.685669
-929.889648
-519.328552
798.752563
-919.056946
-503.553009
792.209778
-928.557922
-503.553009
799.394775
-926.803162
-484.550995
799.95697
-924.452393
-465.549011
800.455994
-980.411316
-551.057983
792.49646
-982.749207
-513.054016
793.936279
-984.991882
-475.049988
795.643433
-945.217224
-589.062012
799.237488
-943.31488
-551.057983
799.86145
-916.12677
-475.049988
794.981384
-1007.149048
-380.64447
759.665283
-1007.499817
-370.539001
756.839417
-1007.906738
-351.536987
752.765991
-1007.174561
-326.690887
740.925232
-1007.918762
-332.828918
748.971619
-1007.309998
-313.53299
740.631653
-1008.522156
-313.53299
750.578979
-997.769287
-446.546997
731.577026
-1003.847229
-446.546997
750.578979
-998.128052
-427.545013
731.577026
-1004.179138
-427.545013
750.578979
-998.631592
-408.542999
731.577026
-1004.71283
-408.542999
750.578979
-999.4422
-389.540985
731.577026
-1005.890991
-388.003479
752.230347
-1000.532471
-370.539001
731.577026
-1006.376709
-370.539001
747.33844
-1001.337769
-351.536987
731.577026
-1006.827881
-351.536987
743.265015
-1002.714722
-332.828918
733.385559
-1007.053589
-339.358887
741.56604
-1001.710693
-313.53299
731.130615
-978.603027
-446.546997
711.183289
-978.603027
-427.545013
711.085938
-978.603027
-408.542999
710.643677
-978.603027
-389.540985
709.80188
-978.603027
-370.539001
709.309814
-978.603027
-351.536987
709.548767
-978.603027
-332.535004
709.836243
-978.603027
-313.53299
709.752808
-954.638306
-446.546997
702.222229
-964.139282
-446.546997
704.093811
-954.817749
-427.545013
702.138977
-964.318726
-427.545013
704.1073
-956.016541
-408.542999
701.881042
-965.517517
-408.542999
703.869385
-957.710938
-389.540985
701.629883
-967.211975
-389.540985
703.479553
-957.355957
-370.539001
701.757141
-966.856934
-370.539001
703.512268
-955.427979
-351.536987
702.093933
-964.928955
-351.536987
703.892212
-954.638367
-332.535004
702.197021
-964.139404
-332.535004
704.085815
-955.097046
-313.53299
702.098572
-964.598083
-313.53299
704.003052
-942.738708
-446.546997
702.222229
-933.237671
-446.546997
703.361755
-944.036255
-427.545013
702.138977
-934.535278
-427.545013
703.651794
-942.884583
-408.542999
701.881042
-933.383606
-408.542999
703.496521
-939.03595
-390.825714
701.638245
-931.659912
-398.016205
703.168945
-940.598999
-370.539001
700.840271
-940.598999
-351.536987
700.685486
-940.598999
-332.535004
700.326843
-940.598999
-313.53299
699.952881
-921.596985
-446.546997
708.818726
-921.596985
-427.545013
709.371155
-921.596985
-408.542999
708.744019
-929.581909
-385.348206
702.606628
-922.587524
-390.825714
706.293274
-927.545776
-370.539001
702.157104
-918.0448
-370.539001
705.5047
-924.551025
-351.536987
701.665588
-915.050049
-351.536987
704.224365
-920.191711
-333.389374
701.282959
-912.920898
-340.292938
703.504028
-921.596985
-313.53299
699.659363
-990.40094
-437.04599
719.60907
-990.940979
-399.041992
719.123352
-991.937805
-361.037994
718.302063
-992.182434
-323.033997
718.325073
-1007.149048
-380.64447
760.301453
-1007.499817
-370.539001
762.96698
-1007.906738
-351.536987
765.362854
-1008.070557
-332.535004
765.034119
-1008.318115
-313.53299
765.257507
-1002.199097
-446.546997
769.580994
-993.91571
-446.546997
787.010437
-1002.564697
-427.545013
769.580994
-994.125183
-427.545013
787.308044
-1003.058472
-408.542999
769.580994
-994.350708
-408.542999
787.520752
-1004.79248
-388.003479
767.81366
-995.021606
-389.540985
788.043457
-1005.765625
-370.539001
772.468018
-994.907349
-371.784241
790.429443
-1006.358154
-351.536987
774.863831
-997.720886
-351.536987
788.583008
-1006.09198
-332.535004
774.535095
-997.718018
-332.535004
788.583008
-1005.969177
-313.53299
774.758545
-997.725037
-313.53299
788.583008
-976.581665
-446.546997
802.005249
-976.950317
-427.545013
802.161072
-977.221985
-408.542999
802.325867
-977.893066
-389.540985
802.629395
-980.427307
-371.784241
802.41272
-978.603027
-351.536987
804.408691
-978.603027
-332.535004
804.883545
-978.603027
-313.53299
805.232056
-959.601013
-446.546997
806.405212
-959.601013
-427.545013
806.758057
-959.601013
-408.542999
807.231445
-959.601013
-389.540985
807.90918
-959.601013
-370.539001
809.157654
-959.601013
-351.536987
810.200256
-959.601013
-332.535004
810.483765
-959.601013
-313.53299
810.49353
-940.598999
-446.546997
805.237061
-940.598999
-427.545013
805.777344
-940.598999
-408.542999
806.40979
-940.598999
-389.540985
806.831116
-940.598999
-370.539001
807.485474
-940.598999
-351.536987
808.252686
-940.598999
-332.535004
808.260559
-940.598999
-313.53299
807.71582
-923.06189
-446.546997
800.837097
-923.235596
-427.545013
801.180359
-923.323608
-408.542999
801.504211
-923.890198
-389.540985
801.551331
-925.143982
-370.539001
801.560181
-925.696228
-351.536987
801.794678
-925.940796
-332.535004
801.746216
-926.384766
-313.53299
801.376038
-988.764893
-358.908691
798.592224
-989.295959
-323.033997
799.0802
-986.267029
-437.04599
796.660278
-987.058533
-399.041992
797.283081
-987.977478
-378.948395
797.994446
-913.647705
-437.04599
796.993164
-914.105896
-399.041992
796.220398
-915.919128
-361.037994
793.775024
-916.661804
-323.033997
792.585938
-1007.438599
-294.531006
740.351868
-1008.935547
-294.531006
750.578979
-1007.441467
-275.528992
740.343323
-1009.147705
-275.528992
750.578979
-1007.377563
-256.527008
740.484863
-1009.200073
-256.527008
750.578979
-1007.285828
-237.524994
740.687683
-1009.116455
-237.524994
750.578979
-1007.226074
-218.522995
740.823792
-1009.041504
-218.522995
750.578979
-1007.283936
-199.520996
740.718262
-1009.185486
-199.520996
750.578979
-1007.468445
-180.518997
740.371155
-1009.582703
-180.518997
750.578979
-1007.762451
-161.516998
739.852356
-1010.274292
-161.516998
750.578979
-1001.864319
-294.531006
730.850891
-1002.000061
-275.528992
730.842285
-1001.967957
-256.527008
730.983887
-1001.771545
-237.524994
731.186707
-1001.518188
-218.522995
731.322815
-1001.354797
-199.520996
731.217224
-1001.324402
-180.518997
730.870178
-1001.456299
-161.516998
730.351318
-978.603027
-294.531006
709.433472
-978.603027
-275.528992
709.2052
-978.603027
-256.527008
709.212524
-978.603027
-237.524994
709.549255
-978.603027
-218.522995
710.02417
-978.603027
-199.520996
710.338196
-978.603027
-180.518997
710.59021
-978.603027
-161.516998
710.644165
-955.629333
-294.531006
702.057678
-965.13031
-294.531006
703.843262
-955.732666
-275.528992
702.027466
-965.233704
-275.528992
703.828552
-955.915466
-256.527008
701.915405
-965.416504
-256.527008
703.847107
-955.482056
-237.524994
702.000427
-964.983093
-237.524994
703.941833
-954.905212
-218.522995
702.059937
-964.40625
-218.522995
704.129944
-954.943542
-199.520996
701.915833
-964.44458
-199.520996
704.261658
-954.562378
-180.518997
701.951111
-964.063354
-180.518997
704.420715
-953.632507
-161.516998
702.225952
-963.133484
-161.516998
704.562988
-940.598999
-256.527008
700.310913
-940.598999
-237.524994
701.251526
-940.598999
-218.522995
701.651917
-940.598999
-199.520996
701.089661
-940.598999
-180.518997
700.530762
-938.842651
-159.67836
701.736877
-931.33783
-152.118607
703.092651
-928.137695
-256.527008
701.469543
-917.485046
-255.803574
713.637085
-929.877991
-237.524994
702.325073
-920.756897
-237.524994
712.575012
-930.430664
-218.522995
702.666016
-921.472046
-218.522995
712.575012
-929.854187
-199.520996
702.247803
-920.94043
-199.520996
712.575012
-928.86853
-180.518997
701.653625
-918.096497
-181.453293
713.613159
-929.295227
-164.786606
701.976196
-922.415527
-159.67836
708.051208
-992.431213
-285.029999
718.058411
-992.368774
-247.026001
718.061401
-991.935486
-209.022003
718.560364
-991.889343
-171.018005
718.700317
-928.073547
-282.820465
701.768311
-912.416382
-243.256134
723.002258
-912.660767
-209.022003
723.63916
-912.401489
-188.410156
722.90155
-1008.602905
-294.531006
766.279846
-1008.812195
-275.528992
767.246765
-1008.928528
-256.527008
767.929504
-1008.936646
-237.524994
768.470459
-1008.921448
-218.522995
768.752563
-1009.007507
-199.520996
768.913147
-1009.220337
-180.518997
769.134949
-1009.276794
-162.807373
771.361694
-1007.374878
-157.333618
779.633911
-1006.192566
-294.531006
775.780823
-998.187988
-294.531006
788.583008
-1006.474243
-275.528992
776.747742
-998.838623
-275.528992
788.583008
-1006.669006
-256.527008
777.430481
-999.365479
-256.527008
788.583008
-1006.83136
-237.524994
777.971436
-999.846069
-237.524994
788.583008
-1006.912659
-218.522995
778.25354
-1000.283691
-218.522995
788.583008
-1006.948181
-199.520996
778.414185
-1000.767883
-199.520996
788.583008
-1006.993835
-180.518997
778.635925
-1001.200317
-180.518997
788.583008
-1007.052795
-170.001617
778.882813
-1002.722839
-162.807373
787.013916
-978.603027
-294.531006
805.562805
-978.603027
-275.528992
806.000671
-978.603027
-256.527008
806.308044
-978.603027
-237.524994
806.535217
-978.603027
-218.522995
807.213928
-978.603027
-199.520996
808.370422
-978.603027
-180.518997
809.252625
-978.603027
-161.516998
809.696899
-959.601013
-294.531006
810.256042
-959.601013
-275.528992
810.094849
-959.601013
-256.527008
810.171143
-959.601013
-237.524994
810.477234
-959.601013
-218.522995
811.391113
-959.601013
-199.520996
812.68335
-959.601013
-180.518997
813.416443
-959.601013
-161.516998
813.454529
-940.598999
-294.531006
807.280457
-940.598999
-275.528992
807.143677
-940.598999
-256.527008
807.411011
-940.598999
-237.524994
808.012329
-940.598999
-218.522995
808.802979
-940.598999
-199.520996
809.7771
-940.598999
-180.518997
810.320984
-940.598999
-161.516998
810.157593
-926.475952
-294.531006
801.289551
-926.190125
-275.528992
801.455139
-925.716614
-256.527008
801.693909
-925.069153
-237.524994
801.963867
-924.748291
-218.522995
802.19281
-924.691223
-199.520996
802.540039
-924.627319
-180.518997
802.739563
-924.906799
-161.516998
802.579346
-989.784912
-285.029999
799.530029
-990.460632
-247.026001
800.064209
-991.200317
-209.022003
800.762573
-991.988708
-171.018005
801.703125
-916.832031
-285.029999
792.165283
-915.891907
-247.026001
792.848022
-915.21875
-209.022003
793.606567
-915.266052
-171.018005
793.117798
-1008.230713
-142.514999
739.095947
-1011.453796
-142.514999
750.578979
-1009.043152
-123.513
737.881653
-1013.288208
-123.513
750.578979
-1010.348083
-104.511002
736.057068
-1015.96283
-104.511002
750.578979
-1011.966125
-85.509003
733.696289
-1018.97052
-85.509003
750.578979
-1007.850586
-61.159676
721.185913
-1012.458923
-67.099007
730.007629
-1021.233765
-66.507004
750.578979
-1008.147522
-47.505001
720.856934
-1014.777893
-47.505001
731.577026
-1022.20874
-47.505001
750.578979
-1007.858704
-28.503
721.220154
-1014.376343
-28.503
731.577026
-1022.136597
-28.503
750.578979
-1007.590393
-9.501
721.539124
-1013.913879
-9.501
731.577026
-1021.867188
-9.501
750.578979
-1001.71344
-142.514999
729.59491
-1002.136414
-123.513
728.380676
-1003.20874
-104.511002
726.55603
-1005.182373
-85.509003
724.195251
-999.211914
-67.099007
715.414612
-1006.617188
-73.827675
722.62738
-997.60498
-47.505001
712.732727
-997.60498
-28.503
713.439453
-997.60498
-9.501
714.211426
-978.603027
-142.514999
710.398376
-978.603027
-123.513
709.778259
-969.689819
-97.496948
702.810364
-977.055481
-104.102966
707.364441
-971.184448
-85.509003
702.342712
-980.685425
-85.509003
706.528687
-972.91803
-66.507004
702.064026
-982.419067
-66.507004
704.915771
-972.792358
-47.505001
702.284058
-982.293335
-47.505001
704.450806
-971.930481
-28.503
702.427551
-981.431458
-28.503
704.794373
-971.086731
-9.501
702.561829
-980.587769
-9.501
705.247314
-952.511658
-142.514999
702.58844
-962.012695
-142.514999
704.509949
-953.591919
-123.513
702.56958
-963.092957
-123.513
704.066101
-959.765564
-104.102966
702.268372
-966.20929
-110.164948
703.498108
-959.601013
-85.509003
701.738037
-959.601013
-66.507004
701.84552
-959.601013
-47.505001
702.115479
-959.601013
-28.503
702.276123
-959.218994
-10.248442
702.622009
-952.630371
-4.412736
703.241211
-944.647766
-142.514999
702.58844
-935.14679
-142.514999
703.800415
-947.764099
-123.513
702.56958
-938.263123
-123.513
704.654358
-947.152588
-104.511002
702.264709
-937.65155
-104.511002
705.014099
-948.205444
-85.509003
702.469299
-938.704407
-85.509003
705.787842
-949.587524
-28.503
702.922546
-940.086487
-28.503
706.316772
-949.909363
-17.080736
703.003601
-942.384827
-10.248442
706.808899
-921.596985
-142.514999
709.930664
-921.596985
-123.513
712.288208
-921.596985
-104.511002
712.802368
-921.596985
-85.509003
712.811462
-921.049622
-29.438452
716.573547
-914.350769
-23.728086
728.381531
-925.857117
-9.501
717.118225
-915.725403
-11.318598
733.460144
-912.464844
-6.196329
742.970215
-992.42395
-133.014008
718.375305
-994.69458
-95.010002
716.824829
-937.032715
-57.006001
707.108887
-1011.252563
-142.514999
769.580994
-1008.02948
-142.514999
780.934814
-1013.45874
-123.513
769.580994
-1009.213684
-123.513
783.25177
-1016.183533
-104.511002
769.580994
-1010.568787
-104.511002
785.68158
-1019.044495
-85.509003
769.580994
-1012.0401
-85.509003
787.590942
-1021.302917
-66.507004
769.580994
-1012.326477
-67.655968
790.39502
-1007.537659
-62.08794
798.520142
-1022.50592
-47.505001
769.580994
-1014.85144
-47.505001
788.583008
-1007.92395
-47.505001
798.885498
-1022.847107
-28.503
769.580994
-1015.143616
-28.503
788.583008
-1007.915466
-28.503
798.850464
-1022.816895
-9.501
769.580994
-1014.897461
-9.501
788.583008
-1007.624329
-9.501
798.563049
-1002.395813
-142.514999
790.435791
-1003.640503
-123.513
792.752747
-1005.073181
-104.511002
795.182556
-1006.341003
-85.509003
797.091919
-1006.975647
-74.755943
797.937012
-999.427002
-67.655968
803.814636
-997.60498
-47.505001
805.877197
-997.60498
-28.503
805.666992
-997.60498
-9.501
805.234253
-978.603027
-142.514999
810.342102
-978.603027
-123.513
811.456909
-978.603027
-104.511002
812.699646
-978.603027
-85.509003
813.713684
-978.603027
-66.507004
814.332947
-978.603027
-47.505001
814.480347
-978.603027
-28.503
814.3526
-976.961975
-11.338597
814.820923
-969.533936
-6.229662
817.208984
-959.601013
-142.514999
813.569214
-959.601013
-123.513
814.023254
-959.601013
-104.511002
814.744385
-959.601013
-85.509003
815.585693
-959.601013
-66.507004
816.016663
-959.601013
-47.505001
816.003845
-959.601013
-28.503
816.031372
-960.735962
-11.338597
816.385803
-967.826599
-6.229662
817.208984
-940.598999
-142.514999
809.938538
-940.598999
-123.513
809.795044
-940.598999
-104.511002
809.930725
-940.598999
-85.509003
810.517395
-940.598999
-66.507004
810.923889
-940.598999
-47.505001
811.023193
-940.598999
-28.503
810.947693
-940.598999
-9.501
810.783691
-925.453308
-142.514999
802.355957
-926.111267
-123.513
802.112854
-926.308777
-104.511002
802.041748
-925.841675
-85.509003
802.250122
-925.778931
-66.507004
802.403992
-926.098389
-47.505001
802.507996
-912.109558
-19.321268
779.000732
-915.893188
-26.794361
787.033325
-926.333313
-28.503
802.452393
-912.233215
-9.501
778.24762
-917.378113
-9.501
788.583008
-926.741943
-9.501
802.156372
-993.517151
-133.014008
802.819702
-996.206116
-95.010002
804.203796
-916.281311
-133.014008
791.270325
-916.574219
-95.010002
791.07312
-916.437622
-57.006001
791.148315
-910.414612
-893.92804
737.116577
-909.71521
-894.326965
750.578979
-905.253601
-884.94751
731.100342
-901.266968
-883.593018
750.578979
-897.507507
-864.591003
731.577026
-895.125
-864.591003
750.578979
-897.825928
-845.588989
731.577026
-895.282288
-845.588989
750.578979
-898.587952
-826.586975
731.577026
-895.730652
-826.586975
750.578979
-899.195801
-807.585022
731.577026
-896.037231
-807.585022
750.578979
-899.360657
-788.583008
731.577026
-896.226807
-788.583008
750.578979
-899.049744
-769.580994
731.577026
-896.48999
-769.580994
750.578979
-908.309814
-879.516541
718.132202
-906.531372
-855.090027
715.822449
-907.23877
-817.085999
716.375549
-907.309021
-779.08197
716.590881
-910.603027
-893.903931
762.847595
-907.156799
-883.629272
769.34137
-910.684937
-877.319458
780.377258
-901.822937
-864.591003
769.580994
-909.862
-864.591003
781.164124
-901.63031
-845.588989
769.580994
-909.646545
-845.588989
781.4245
-901.570984
-826.586975
769.580994
-909.483765
-826.586975
781.691895
-901.453735
-807.585022
769.580994
-909.271301
-807.585022
782.302612
-901.139404
-788.583008
769.580994
-908.836731
-788.583008
783.915588
-901.138
-769.580994
769.580994
-908.708252
-769.580994
784.430481
-898.181885
-750.578979
731.577026
-896.717163
-750.578979
750.578979
-897.671814
-731.577026
731.577026
-896.954346
-731.577026
750.578979
-905.780884
-712.575012
713.254211
-898.311707
-712.575012
731.577026
-897.332336
-712.575012
750.578979
-911.640442
-687.88324
702.764343
-907.196167
-693.959534
710.867615
-899.070374
-693.572998
731.577026
-897.683289
-693.572998
750.578979
-911.59668
-674.570984
702.725342
-906.025452
-674.570984
712.575012
-899.447266
-674.570984
731.577026
-898.015503
-674.570984
750.578979
-911.885803
-661.750183
702.918762
-907.725769
-655.477295
710.827148
-899.860901
-655.56897
731.577026
-898.233459
-655.56897
750.578979
-900.90332
-636.567017
731.577026
-898.323853
-636.567017
750.578979
-902.428589
-617.565002
731.577026
-898.665894
-617.565002
750.578979
-905.76825
-741.078003
714.10144
-908.372498
-627.065979
715.568115
-901.8396
-750.578979
769.580994
-909.301758
-750.578979
782.680481
-902.508667
-731.577026
769.580994
-909.884277
-731.577026
781.32782
-902.75592
-712.575012
769.580994
-910.050354
-712.575012
781.095886
-902.886902
-693.572998
769.580994
-910.057068
-693.572998
781.121338
-903.006531
-674.570984
769.580994
-910.009583
-674.570984
781.18866
-902.974243
-655.56897
769.580994
-909.906799
-655.56897
781.32074
-902.816223
-636.567017
769.580994
-909.767578
-636.567017
781.509705
-902.917053
-617.565002
769.580994
-909.754761
-617.565002
781.581543
-903.592102
-598.562988
731.577026
-899.331848
-598.562988
750.578979
-904.277039
-579.560974
731.577026
-899.894958
-579.560974
750.578979
-904.662598
-560.559021
731.577026
-900.044128
-560.559021
750.578979
-905.294067
-541.557007
731.577026
-900.261414
-541.557007
750.578979
-906.307495
-522.554993
731.577026
-901.00531
-522.554993
750.578979
-906.887939
-503.553009
731.577026
-901.762634
-503.553009
750.578979
-906.417786
-484.550995
731.577026
-902.086914
-484.550995
750.578979
-905.245483
-465.549011
731.577026
-901.986084
-465.549011
750.578979
-910.001892
-589.062012
718.800232
-910.747681
-551.057983
720.240295
-911.633118
-513.054016
721.520874
-910.533875
-475.049988
719.828979
-903.419189
-598.562988
769.580994
-909.968811
-598.562988
781.419128
-903.919922
-579.560974
769.580994
-910.200745
-579.560974
781.239319
-904.115906
-560.559021
769.580994
-910.306274
-560.559021
781.185669
-904.096252
-541.557007
769.580994
-910.25354
-541.557007
781.361755
-904.198547
-522.554993
769.580994
-910.070923
-522.554993
781.840271
-904.30072
-503.553009
769.580994
-909.781616
-503.553009
782.70874
-903.769714
-484.550995
769.580994
-909.088257
-484.550995
784.39093
-902.661743
-465.549011
769.580994
-908.057678
-465.549011
786.569824
-904.386353
-446.546997
731.577026
-901.60199
-446.546997
750.578979
-904.071777
-427.545013
731.577026
-901.043396
-427.545013
750.578979
-903.560486
-408.542999
731.577026
-901.101501
-408.542999
750.578979
-902.664124
-389.540985
731.577026
-901.534302
-389.540985
750.578979
-901.939941
-370.539001
731.577026
-901.891968
-370.539001
750.578979
-903.002502
-351.536987
731.577026
-902.619995
-351.536987
750.578979
-911.567566
-327.624939
702.582581
-908.721558
-333.389374
710.932861
-903.725586
-332.535004
731.577026
-902.907043
-332.535004
750.578979
-910.683655
-313.53299
701.804993
-906.055908
-313.53299
712.575012
-902.698547
-313.53299
731.577026
-902.911743
-313.53299
750.578979
-909.207275
-437.04599
718.163147
-908.350647
-399.041992
717.175171
-907.337585
-361.037994
714.36554
-901.825256
-446.546997
769.580994
-907.423584
-446.546997
787.65863
-901.677063
-427.545013
769.580994
-907.669006
-427.545013
787.325745
-902.302063
-408.542999
769.580994
-908.121155
-408.542999
787.047974
-903.134338
-389.540985
769.580994
-908.394653
-389.540985
786.390808
-903.873901
-370.539001
769.580994
-908.945618
-370.539001
784.817139
-904.598022
-351.536987
769.580994
-909.473572
-351.536987
783.730957
-905.097595
-332.535004
769.580994
-909.737854
-332.535004
783.284058
-905.532471
-313.53299
769.580994
-909.947021
-313.53299
782.885864
-911.033691
-294.531006
702.128113
-906.782898
-294.531006
712.575012
-903.509399
-294.531006
731.577026
-903.520081
-294.531006
750.578979
-912.034302
-284.855133
703.013367
-910.384521
-277.32428
713.637085
-906.5672
-275.528992
731.577026
-904.572815
-275.528992
750.578979
-909.541687
-255.803574
730.128967
-905.371277
-256.527008
750.578979
-909.513489
-237.524994
732.675903
-905.618713
-237.524994
750.578979
-908.977051
-181.453293
730.172119
-905.186951
-180.518997
750.578979
-905.69397
-161.516998
731.577026
-904.962341
-161.516998
750.578979
-911.55481
-261.655273
720.679077
-907.631775
-209.022003
741.859558
-910.350464
-168.629578
719.710938
-905.866272
-294.531006
769.580994
-910.106384
-294.531006
782.668274
-906.140259
-275.528992
769.580994
-910.227722
-275.528992
782.660339
-906.288818
-256.527008
769.580994
-910.226501
-256.527008
782.96344
-906.111267
-237.524994
769.580994
-910.005981
-237.524994
783.730652
-905.918884
-218.522995
769.580994
-909.825134
-218.522995
784.170166
-906.04126
-199.520996
769.580994
-909.868225
-199.520996
784.041016
-906.352478
-180.518997
769.580994
-910.00946
-180.518997
783.883484
-906.915161
-161.516998
769.580994
-910.275696
-161.516998
783.350159
-906.051086
-142.514999
731.577026
-905.96759
-142.514999
750.578979
-908.304138
-123.513
731.577026
-907.18457
-123.513
750.578979
-908.017395
-104.511002
731.577026
-906.999023
-104.511002
750.578979
-905.474915
-85.509003
731.577026
-905.099426
-85.509003
750.578979
-902.682129
-66.507004
731.577026
-903.747131
-66.507004
750.578979
-905.222412
-47.505001
731.577026
-905.68158
-47.505001
750.578979
-910.799377
-29.438452
733.460144
-909.141418
-28.503
750.578979
-912.088074
-18.864328
741.049561
-911.01416
-11.318598
749.814148
-910.01062
-133.014008
719.457092
-909.99939
-95.010002
719.980957
-907.942017
-57.006001
718.953064
-911.415588
-36.396088
721.249573
-907.779724
-142.514999
769.580994
-910.691772
-142.514999
782.350891
-908.70636
-123.513
769.580994
-911.168152
-123.513
781.187805
-908.84375
-104.511002
769.580994
-911.236267
-104.511002
780.975891
-907.420349
-85.509003
769.580994
-910.614929
-85.509003
782.168396
-906.639954
-66.507004
769.580994
-910.444275
-66.507004
782.393066
-908.23761
-47.505001
769.580994
-911.217102
-47.505001
780.901611
-910.470642
-26.794361
771.432434
-911.845886
-31.989267
779.666199
-910.749634
-9.501
768.746643
-1007.622314
9.501
721.530884
-1013.980835
9.501
731.577026
-1021.891968
9.501
750.578979
-1008.268188
28.503
720.901855
-1014.981323
28.503
731.577026
-1022.34729
28.503
750.578979
-1009.847961
47.505001
719.552185
-1017.189819
47.505001
731.577026
-1023.139404
47.505001
750.578979
-1010.734436
66.507004
718.877625
-1018.545959
66.507004
731.577026
-1023.86969
66.507004
750.578979
-1009.737793
85.509003
719.718506
-1017.53833
85.509003
731.577026
-1024.204102
85.509003
750.578979
-1008.431824
104.511002
720.840393
-1016.088013
104.511002
731.577026
-1024.619751
103.066216
752.018494
-1015.793213
123.513
731.577026
-1024.418701
123.513
748.703491
-1016.48291
142.514999
731.577026
-1024.860229
142.514999
746.879028
-997.60498
9.501
714.622314
-997.60498
28.503
714.257874
-997.60498
47.505001
712.992493
-997.60498
66.507004
712.358398
-997.60498
85.509003
713.17926
-997.60498
104.511002
714.303955
-969.998169
4.320721
702.835022
-977.24054
10.193233
705.216125
-978.603027
28.503
706.192322
-978.603027
47.505001
706.447632
-978.603027
66.507004
706.775208
-978.603027
85.509003
707.303345
-978.603027
104.511002
707.694153
-978.603027
123.513
707.440491
-978.603027
142.514999
706.512695
-965.29834
4.320721
702.835022
-959.218994
10.193233
703.468506
-959.601013
28.503
704.072266
-959.601013
47.505001
704.54541
-959.601013
66.507004
705.578064
-959.601013
85.509003
707.354309
-959.601013
104.511002
707.807251
-959.601013
123.513
706.793091
-959.601013
142.514999
705.896851
-940.598999
9.501
709.026733
-940.598999
28.503
710.436768
-940.598999
47.505001
711.881653
-940.598999
66.507004
712.886108
-940.598999
85.509003
713.19574
-940.598999
104.511002
711.807861
-940.598999
123.513
711.280212
-940.598999
142.514999
713.032837
-927.23175
9.501
718.119812
-918.439331
9.501
731.577026
-912.804626
9.501
744.560669
-928.300354
28.503
719.200806
-919.800049
28.503
731.577026
-913.09668
28.503
745.662964
-929.338196
47.505001
720.343567
-921.020874
47.505001
731.577026
-913.279724
47.505001
746.393005
-929.491821
66.507004
720.602478
-921.246704
66.507004
731.577026
-913.351807
66.507004
747.079834
-928.228394
85.509003
719.684021
-919.86145
85.509003
731.577026
-913.230042
85.509003
747.854492
-926.355164
104.511002
718.231201
-917.846375
104.511002
731.577026
-913.088196
104.511002
749.112549
-926.926453
123.513
718.475769
-918.724365
123.513
731.577026
-913.230591
122.398087
752.251831
-929.375671
142.514999
720.409058
-921.690063
142.514999
731.577026
-914.278381
142.514999
750.578979
-1026.258911
108.437027
759.312134
-1026.631592
133.014008
757.292236
-1002.855286
133.014008
717.832092
-1022.809998
9.501
769.580994
-1014.802856
9.501
788.583008
-1023.034729
28.503
769.580994
-1015.223999
28.503
788.583008
-1023.36792
47.505001
769.580994
-1016.121277
47.505001
788.583008
-1008.550903
47.505001
799.58667
-1023.813293
66.507004
769.580994
-1016.953796
66.507004
788.583008
-1009.198669
66.507004
800.319458
-1024.386841
85.509003
769.580994
-1017.355347
85.509003
788.583008
-1009.372192
85.509003
800.422974
-1025.018921
103.066216
768.296509
-1017.342957
104.511002
788.583008
-1009.187683
104.511002
800.091431
-1024.855957
123.513
771.849243
-1017.172546
123.513
788.583008
-1008.923523
123.513
799.748657
-1024.967773
142.514999
773.32959
-1017.153931
142.514999
788.583008
-1008.793213
142.514999
799.593323
-997.60498
47.505001
807.694946
-997.60498
66.507004
808.895691
-997.60498
85.509003
808.948547
-997.60498
104.511002
808.249573
-997.60498
123.513
807.525085
-997.60498
142.514999
807.188049
-979.61969
9.501
814.362915
-970.118652
9.501
817.375
-980.594482
28.503
814.898071
-971.093506
28.503
817.573425
-982.227295
47.505001
815.693237
-972.726257
47.505001
817.815918
-983.664795
66.507004
816.161255
-974.163818
66.507004
818.034424
-983.471252
85.509003
816.110596
-973.970276
85.509003
818.007629
-982.295898
104.511002
815.743103
-972.794922
104.511002
817.840637
-981.502258
123.513
815.36145
-972.001221
123.513
817.758118
-981.204407
142.514999
815.179749
-971.70343
142.514999
817.72644
-956.754822
9.501
816.388
-966.255798
9.501
817.375
-955.411011
28.503
816.450378
-964.911987
28.503
817.573425
-954.587524
47.505001
816.414246
-964.088501
47.505001
817.815918
-953.33374
66.507004
816.556763
-962.834717
66.507004
818.034424
-952.419983
85.509003
816.771423
-961.920959
85.509003
818.007629
-953.342957
104.511002
816.663391
-962.843933
104.511002
817.840637
-954.693909
123.513
816.423218
-964.194946
123.513
817.758118
-955.247681
142.514999
816.295349
-964.748657
142.514999
817.72644
-940.598999
9.501
811.028992
-940.598999
28.503
811.571045
-940.598999
47.505001
811.788574
-940.598999
66.507004
811.993652
-940.598999
85.509003
812.235596
-940.598999
104.511002
811.977112
-940.598999
123.513
811.729553
-940.598999
142.514999
811.638977
-912.392395
9.501
777.195435
-917.62207
9.501
788.583008
-926.82666
9.501
802.226013
-912.426697
28.503
776.769958
-917.122192
28.503
788.583008
-926.29248
28.503
802.705688
-912.432861
47.505001
776.412964
-916.743286
47.505001
788.583008
-925.90741
47.505001
802.959351
-912.494812
66.507004
775.548706
-916.697876
66.507004
788.583008
-925.800049
66.507004
803.021851
-912.713257
85.509003
773.651062
-917.193115
85.509003
788.583008
-926.076843
85.509003
803.049194
-913.040039
104.511002
771.226868
-918.063049
104.511002
788.583008
-926.619995
104.511002
802.898743
-913.147949
122.398087
767.891418
-918.279297
123.513
788.583008
-926.584595
123.513
802.891296
-913.786438
142.514999
769.580994
-918.024109
142.514999
788.583008
-926.20166
142.514999
802.92865
-1026.258911
108.437027
761.10614
-1026.631592
133.014008
763.08844
-1002.639954
19.002001
802.149292
-1026.317505
169.415985
740.697571
-1027.154541
162.455994
750.55896
-1028.614868
180.518997
737.077026
-1030.536621
180.518997
750.578979
-1026.641602
207.190674
721.715088
-1030.665405
200.322403
730.5047
-1034.084961
199.520996
750.578979
-1026.641602
211.768021
721.715088
-1030.293335
218.270416
730.249512
-1033.915649
218.522995
750.578979
-1029.076172
237.524994
734.46521
-1031.938477
237.524994
750.578979
-1028.08252
256.527008
736.169434
-1030.927979
256.527008
750.578979
-1028.084106
275.528992
735.800354
-1031.218018
275.528992
750.578979
-1028.595459
294.531006
734.089111
-1032.092041
294.531006
750.578979
-1009.191589
161.516998
720.362427
-1019.792236
162.455994
733.248962
-1025.468872
156.747986
744.211548
-1011.97052
180.518997
719.138
-1021.471497
180.518997
727.57605
-1017.481506
200.322403
718.524963
-1024.39856
194.522675
723.455811
-1018.048462
218.270416
717.914795
-1025.343384
224.43602
723.030518
-1014.76355
237.524994
716.668274
-1014.131897
256.527008
716.18042
-1014.522461
275.528992
715.703979
-1015.391541
294.531006
715.256226
-997.60498
161.516998
713.267883
-997.60498
180.518997
711.519775
-997.60498
199.520996
709.658142
-997.60498
218.522995
708.492004
-997.60498
237.524994
707.767822
-997.60498
256.527008
706.930054
-988.734009
279.407257
702.882629
-996.082825
274.055573
705.591919
-989.693787
294.531006
702.596619
-999.194763
294.531006
705.755188
-970.943176
166.218582
702.511414
-977.807495
160.537552
705.107666
-972.938782
180.518997
701.882507
-982.439758
180.518997
704.956787
-974.613281
199.520996
701.492859
-984.114319
199.520996
704.325256
-975.209717
218.522995
701.628418
-984.710754
218.522995
703.921814
-975.154724
237.524994
702.055969
-984.655701
237.524994
703.6745
-976.671021
256.527008
702.241882
-986.171997
256.527008
703.324646
-980.357666
274.055573
701.94989
-987.861511
266.739258
703.098572
-978.603027
294.531006
700.817383
-966.875305
166.218582
702.511414
-960.165161
160.537552
704.778625
-963.062439
180.518997
701.882507
-953.561462
180.518997
704.061096
-958.005615
198.12854
701.456848
-950.607971
190.866226
703.175842
-959.601013
218.522995
701.087219
-959.682861
236.344971
702.178833
-953.403381
241.892288
703.655029
-963.722656
256.527008
702.241882
-954.22168
256.527008
703.754822
-959.016113
275.263824
701.809265
-952.292175
268.753052
703.400757
-959.601013
294.531006
700.518982
-940.598999
161.516998
713.837402
-940.598999
180.518997
711.619507
-948.557495
203.534225
702.487
-941.573669
198.12854
707.047852
-948.652954
218.522995
702.532776
-939.151978
218.522995
706.74646
-949.713135
229.224289
702.939392
-942.26709
236.344971
706.76709
-940.598999
256.527008
707.824829
-948.624084
281.421051
702.648254
-941.613647
275.263824
705.911926
-947.330688
294.531006
702.298218
-937.829712
294.531006
705.744141
-930.31897
161.516998
721.343262
-922.84491
161.516998
731.577026
-914.703369
161.516998
750.578979
-929.059326
180.518997
720.133362
-921.442383
180.518997
731.577026
-914.729614
180.518997
750.578979
-926.708557
199.520996
717.465942
-918.959961
199.520996
731.577026
-914.783447
199.520996
750.578979
-925.889832
218.522995
716.247437
-918.181091
218.522995
731.577026
-915.028931
218.522995
750.578979
-925.912659
237.524994
716.755615
-918.256897
237.524994
731.577026
-915.351318
237.524994
750.578979
-925.651428
256.527008
716.644958
-918.221863
256.527008
731.577026
-915.972778
256.527008
750.578979
-925.868103
275.528992
715.877319
-918.860413
275.528992
731.577026
-916.730103
275.528992
750.578979
-925.987244
294.531006
715.245117
-919.344604
294.531006
731.577026
-917.323486
294.531006
750.578979
-1023.94873
247.026001
725.816345
-1024.458008
285.029999
725.443726
-1029.287109
237.524994
769.580994
-1026.424805
237.524994
779.714233
-1029.652222
256.527008
769.580994
-1026.806763
256.527008
780.46637
-1030.317871
275.528992
769.580994
-1027.18396
275.528992
781.201416
-1031.046265
294.531006
769.580994
-1027.549683
294.531006
781.921448
-1025.242798
161.516998
775.193726
-1017.548035
161.516998
788.583008
-1008.912231
161.516998
799.675354
-1025.606323
180.518997
777.155212
-1018.369934
180.518997
788.583008
-1009.370605
180.518997
800.086121
-1009.989075
199.520996
800.699829
-1010.498474
218.522995
801.187927
-1010.945374
237.524994
801.578186
-1011.432434
256.527008
802.07074
-1011.842163
275.528992
802.400574
-1012.182678
294.531006
802.526062
-997.60498
161.516998
807.380859
-997.60498
180.518997
808.126038
-997.60498
199.520996
809.068115
-997.60498
218.522995
809.658325
-997.60498
237.524994
810.016846
-997.60498
256.527008
810.57373
-997.60498
275.528992
811.072754
-997.60498
294.531006
811.252869
-981.396606
161.516998
815.290527
-971.89563
161.516998
817.746277
-982.026855
180.518997
815.624939
-972.525818
180.518997
817.809265
-982.349487
199.520996
815.953247
-972.848511
199.520996
817.755737
-981.623474
218.522995
816.05542
-972.122498
218.522995
817.542419
-979.830078
237.524994
816.023621
-970.329041
237.524994
817.252747
-976.75061
254.805191
816.181213
-969.181702
247.323303
817.094604
-978.603027
275.528992
815.894104
-978.603027
294.531006
815.767395
-955.452087
161.516998
816.19574
-964.953125
161.516998
817.746277
-955.583984
180.518997
816.0495
-965.084961
180.518997
817.809265
-956.162415
199.520996
815.842468
-965.663391
199.520996
817.755737
-957.237427
218.522995
815.649902
-966.738403
218.522995
817.542419
-958.69281
237.524994
815.472839
-968.193787
237.524994
817.252747
-961.471069
254.805191
815.479004
-969.051758
247.323303
817.094604
-959.601013
275.528992
814.504761
-959.601013
294.531006
813.958862
-940.598999
161.516998
811.377625
-940.598999
180.518997
811.145508
-940.598999
199.520996
810.601013
-940.598999
218.522995
809.674011
-940.598999
237.524994
808.791992
-940.598999
256.527008
807.924255
-940.598999
275.528992
807.14801
-940.598999
294.531006
806.606934
-914.065186
161.516998
769.580994
-917.980469
161.516998
788.583008
-926.092712
161.516998
802.766846
-914.314087
180.518997
769.580994
-917.88324
180.518997
788.583008
-925.915771
180.518997
802.68103
-914.701782
199.520996
769.580994
-918.429443
199.520996
788.583008
-926.259766
199.520996
802.343506
-915.430481
218.522995
769.580994
-920.184509
218.522995
788.583008
-927.49176
218.522995
801.609192
-916.46283
237.524994
769.580994
-921.990662
237.524994
788.583008
-928.534912
237.524994
800.904114
-917.451477
256.527008
769.580994
-923.210327
256.527008
788.583008
-929.161194
256.527008
800.299011
-918.182678
275.528992
769.580994
-923.980835
275.528992
788.583008
-929.536011
275.528992
799.865234
-918.597412
294.531006
769.580994
-924.271362
294.531006
788.583008
-929.640137
294.531006
799.68866
-1027.644409
171.018005
766.673462
-1027.838745
214.397995
773.132202
-1023.07373
207.511749
783.126587
-1020.689941
247.026001
789.591309
-1021.513428
285.029999
791.062439
-1030.534302
312.36319
730.243835
-1034.212158
313.53299
750.578979
-1037.32605
332.535004
731.577026
-1036.970703
332.535004
750.578979
-1031.791138
351.536987
718.020996
-1038.712402
351.536987
731.577026
-1037.829712
351.536987
750.578979
-1028.959229
370.539001
719.502747
-1034.563354
370.539001
731.577026
-1036.587158
370.539001
750.578979
-1029.990967
391.057648
729.788513
-1035.141724
389.540985
750.578979
-1029.887573
408.542999
732.179443
-1034.692749
408.542999
750.578979
-1029.799072
427.545013
732.241455
-1034.746826
427.545013
750.578979
-1029.698364
446.546997
731.933899
-1034.707886
446.546997
750.578979
-1018.238403
312.36319
715.185059
-1016.606995
332.535004
710.816772
-1016.606995
351.536987
709.808044
-1016.606995
370.539001
710.821899
-1018.448608
391.057648
714.383606
-1016.27771
408.542999
713.498535
-1016.246521
427.545013
713.861938
-1016.425476
446.546997
713.974854
-990.851746
313.53299
702.294434
-1000.352722
313.53299
705.195496
-991.507507
332.535004
702.20343
-1001.008484
332.535004
704.724854
-992.514832
351.536987
702.004944
-1002.015808
351.536987
704.362061
-994.629028
370.539001
701.369751
-1004.130005
370.539001
703.894165
-995.824707
389.540985
700.970642
-1005.325684
389.540985
703.652649
-994.788574
408.542999
701.253784
-1004.289551
408.542999
703.997498
-993.351257
427.545013
701.709351
-1002.852295
427.545013
704.360901
-992.344788
446.546997
702.076111
-1001.845825
446.546997
704.473877
-945.586365
313.53299
701.903931
-936.085327
313.53299
705.172119
-943.074402
332.535004
700.963074
-933.573425
332.535004
704.488953
-941.38916
351.536987
699.80542
-931.888184
351.536987
703.87085
-938.869934
369.434448
699.5625
-931.38324
362.364075
703.434814
-940.598999
389.540985
697.956604
-939.650452
407.843475
699.391663
-932.684021
413.711121
705.946472
-944.758606
427.545013
699.823608
-935.257629
427.545013
709.298706
-947.116028
446.546997
701.128052
-937.61499
446.546997
710.892761
-926.367493
313.53299
714.673157
-920.111084
313.53299
731.577026
-917.897888
313.53299
750.578979
-927.376404
332.535004
713.98999
-921.657654
332.535004
731.577026
-918.580994
332.535004
750.578979
-928.009094
351.536987
713.371887
-930.625061
375.032074
702.514343
-928.456055
369.434448
710.891296
-930.425659
389.540985
702.224365
-927.709106
389.540985
712.575012
-930.6745
401.043121
702.500793
-929.171082
407.843475
712.398315
-929.909058
427.545013
718.799744
-925.192444
427.545013
731.577026
-920.260803
427.545013
750.578979
-930.145691
446.546997
720.393799
-925.372253
446.546997
731.577026
-919.957703
446.546997
750.578979
-1029.407104
325.226135
719.548706
-1026.916504
385.734741
721.151794
-1025.660034
305.249298
723.021118
-1025.894531
403.47287
722.470337
-1025.837036
437.04599
722.58667
-969.10199
323.033997
699.854187
-969.10199
361.037994
698.127258
-969.10199
399.041992
697.099426
-969.10199
437.04599
698.987732
-921.291321
361.037994
741.078003
-922.265442
399.041992
741.078003
-1031.820801
313.53299
769.580994
-1027.895264
313.53299
782.619385
-1032.673706
332.535004
769.580994
-1028.236572
332.535004
783.321777
-1033.79248
389.540985
769.580994
-1029.005981
389.540985
784.994568
-1034.025391
408.542999
769.580994
-1029.220215
408.542999
785.365112
-1034.501709
427.545013
769.580994
-1029.554077
427.545013
786.033752
-1034.88501
446.546997
769.580994
-1029.875488
446.546997
786.971191
-1012.625671
313.53299
802.861328
-1013.13385
332.535004
803.381409
-1013.605652
351.536987
803.747864
-1013.973755
370.539001
803.864563
-1014.2146
389.540985
803.944214
-1014.478455
408.542999
804.314697
-1014.949829
427.545013
805.040955
-1015.597534
446.546997
805.862793
-997.60498
313.53299
811.696045
-995.967957
333.204193
813.516541
-988.542603
339.984314
817.246826
-998.455994
351.536987
813.24884
-988.955017
351.536987
817.397705
-996.122437
371.756042
814.075439
-988.80011
366.233368
817.340759
-997.60498
389.540985
813.257751
-995.867554
409.366547
814.354004
-988.375305
416.249573
817.161133
-999.731567
427.545013
814.541992
-990.230591
427.545013
817.733826
-1002.818115
446.546997
815.363831
-993.317078
446.546997
818.91449
-978.603027
313.53299
815.716553
-979.574768
333.204193
816.263489
-986.55658
339.984314
817.246826
-975.567566
351.536987
816.402954
-985.068604
351.536987
817.397705
-979.003296
371.756042
816.637939
-985.604187
366.233368
817.340759
-978.603027
389.540985
816.571716
-978.603027
407.011566
816.829834
-978.603027
416.512573
817.146851
-978.603027
427.545013
818.019592
-978.603027
446.546997
820.433411
-959.601013
313.53299
813.382202
-959.601013
332.535004
812.849548
-959.601013
351.536987
812.487549
-959.601013
370.539001
812.39447
-959.601013
389.540985
812.692627
-961.49054
410.294708
813.966675
-969.084229
417.796539
817.091919
-958.714722
427.545013
813.765259
-968.215698
427.545013
817.371765
-955.318848
446.546997
814.938477
-964.819885
446.546997
818.604919
-940.598999
313.53299
805.451599
-931.897644
336.580322
797.029358
-939.178589
331.161774
802.97644
-932.748474
351.536987
795.941223
-933.411804
370.539001
795.101624
-933.642456
389.540985
794.756958
-933.603271
408.542999
794.702271
-933.458252
427.545013
794.753601
-933.287781
446.546997
794.783569
-919.016968
313.53299
769.580994
-925.151123
313.53299
788.583008
-930.288452
313.53299
798.951111
-919.806824
332.535004
769.580994
-927.444702
331.161774
789.850403
-930.999695
323.912323
798.1922
-920.643555
351.536987
769.580994
-927.221191
351.536987
786.440247
-921.414429
370.539001
769.580994
-927.545593
370.539001
785.600647
-921.911804
389.540985
769.580994
-927.684998
389.540985
785.255981
-921.915955
408.542999
769.580994
-927.705933
408.542999
785.201294
-921.56311
427.545013
769.580994
-927.683716
427.545013
785.252625
-921.335938
446.546997
769.580994
-927.70282
446.546997
785.282532
-1031.126831
361.037994
776.958679
-1022.380737
323.033997
792.471558
-1023.29071
361.037994
793.837402
-1023.847534
399.041992
794.680847
-1024.774658
437.04599
796.003479
-942.581116
361.037994
803.540222
-943.12384
399.041992
803.657837
-942.874023
437.04599
804.850891
-1031.334473
541.557007
731.577026
-1037.426514
541.557007
750.578979
-1032.821899
560.559021
731.577026
-1038.732666
560.559021
750.578979
-1033.504272
579.560974
731.577026
-1039.739624
579.560974
750.578979
-1034.113647
598.562988
731.577026
-1040.496338
598.562988
750.578979
-1016.230774
465.549011
714.162537
-1016.028137
484.550995
714.279968
-1016.263062
503.553009
714.395264
-1018.455872
522.725281
716.287842
-1016.606995
541.557007
714.687073
-1016.606995
560.559021
713.17218
-1007.429932
587.554382
702.865845
-1014.901123
580.556641
709.93042
-1007.894592
598.562988
702.593567
-1017.395569
598.562988
710.67157
-991.783936
465.549011
702.194153
-1001.284912
465.549011
704.66156
-992.015686
484.550995
702.027893
-1001.516663
484.550995
704.778992
-991.617249
503.553009
702.119812
-1001.118225
503.553009
704.894287
-989.859497
522.554993
702.606506
-999.360535
522.554993
705.3927
-989.695923
541.557007
702.532227
-999.196899
541.557007
705.700623
-992.772217
560.559021
701.409973
-1002.273193
560.559021
704.878479
-998.420776
580.556641
700.670227
-1005.298645
574.886353
703.774597
-997.60498
598.562988
699.340393
-978.603027
541.557007
699.494202
-978.603027
560.559021
696.560913
-978.603027
579.560974
695.913452
-978.603027
598.562988
696.520752
-961.283386
541.557007
700.03595
-951.78241
541.557007
703.608398
-957.895996
559.927673
698.987854
-950.425354
553.172729
703.247498
-959.601013
579.560974
698.427368
-959.601013
598.562988
698.985352
-944.36145
465.549011
701.370728
-934.860474
465.549011
706.968506
-938.871216
482.895935
700.502014
-931.385376
475.458557
703.268799
-941.903137
502.863495
701.079956
-936.438599
508.737823
707.219849
-949.106567
515.845154
702.698486
-941.903137
522.329468
709.08905
-940.598999
541.557007
710.586853
-949.483887
565.840759
702.729187
-942.129517
559.927673
707.407043
-949.460449
579.560974
702.739319
-939.959473
579.560974
707.728577
-947.453125
598.562988
702.285461
-937.952148
598.562988
706.737183
-928.96582
465.549011
716.469543
-924.204163
465.549011
731.577026
-920.353088
465.549011
750.578979
-930.096252
488.126556
701.883606
-928.013855
482.895935
710.791687
-923.425476
484.550995
731.577026
-921.064636
484.550995
750.578979
-930.096252
496.069824
701.883606
-928.58667
502.863495
713.162354
-924.329895
503.553009
731.577026
-921.557251
503.553009
750.578979
-929.558105
522.554993
719.689514
-924.908081
522.554993
731.577026
-921.50824
522.554993
750.578979
-927.510315
541.557007
719.553467
-922.031372
541.557007
731.577026
-920.667847
541.557007
750.578979
-924.228943
560.559021
717.861145
-917.899475
560.559021
731.577026
-919.806458
560.559021
750.578979
-924.797119
579.560974
717.229614
-919.0401
579.560974
731.577026
-920.720215
579.560974
750.578979
-927.107605
598.562988
716.238159
-922.962463
598.562988
731.577026
-922.770874
598.562988
750.578979
-1031.948853
475.049988
741.55011
-1026.16687
529.172852
722.005371
-1032.401123
513.096558
740.797241
-1026.874268
551.057983
721.215088
-1027.449097
589.062012
720.396301
-1025.630493
475.049988
723.020203
-1025.893188
510.028931
722.496948
-969.10199
475.049988
699.565186
-965.535278
516.100708
701.21167
-1035.003906
465.549011
769.580994
-1030.03064
465.549011
787.769714
-1035.093262
484.550995
769.580994
-1030.107422
484.550995
788.136108
-1035.591064
503.553009
769.580994
-1030.344604
503.553009
788.354065
-1036.649292
522.554993
769.580994
-1029.905396
521.239136
790.451904
-1037.800537
541.557007
769.580994
-1031.687622
541.557007
788.583008
-1038.837646
560.559021
769.580994
-1032.716919
560.559021
788.583008
-1039.855713
579.560974
769.580994
-1033.628174
579.560974
788.583008
-1040.614014
598.562988
769.580994
-1034.186523
598.562988
788.583008
-1016.126831
465.549011
806.364441
-1016.352539
484.550995
806.508057
-1016.474548
503.553009
806.534058
-1018.488098
521.239136
804.95459
-1016.606995
541.557007
807.167786
-1016.606995
560.559021
807.695679
-1016.606995
579.560974
807.813416
-1016.606995
598.562988
807.685425
-1004.413452
465.549011
815.865417
-994.912415
465.549011
819.675903
-1004.433411
484.550995
816.009033
-994.932434
484.550995
819.46405
-1004.018616
503.553009
816.035095
-994.517639
503.553009
818.943176
-1003.665833
522.554993
816.030945
-994.164795
522.554993
818.652405
-1003.289795
541.557007
816.124939
-993.788757
541.557007
818.32135
-1002.459412
560.559021
816.195557
-992.958435
560.559021
817.908813
-997.40625
581.234985
816.165894
-990.939758
576.017029
817.515076
-997.60498
598.562988
815.330078
-978.603027
465.549011
823.237793
-978.603027
484.550995
823.954407
-978.603027
503.553009
822.244263
-978.603027
522.554993
819.94812
-971.390198
546.982178
816.692688
-978.075745
541.011719
818.202881
-973.776733
560.559021
816.235962
-983.277771
560.559021
817.908813
-979.069702
581.234985
815.961121
-985.714844
576.017029
817.515076
-978.603027
598.562988
814.926636
-951.888428
458.449707
816.212341
-958.773865
465.089813
820.741699
-959.601013
484.550995
825.55835
-959.601013
503.553009
824.74585
-955.425293
529.351135
815.642944
-960.895996
522.832275
819.230225
-960.895996
541.011719
814.212524
-968.093323
534.314209
817.300293
-959.601013
560.559021
811.427612
-959.601013
579.560974
810.252014
-959.601013
598.562988
809.308899
-932.834595
465.549011
795.13562
-943.109558
465.089813
808.960999
-948.801819
471.117706
818.429688
-932.08783
484.550995
796.047058
-938.142761
484.550995
807.585022
-946.653931
484.550995
821.068054
-931.830322
503.553009
796.341797
-937.322083
503.553009
807.585022
-946.09082
503.553009
821.444824
-932.686157
522.554993
795.088745
-942.540344
522.832275
808.619385
-948.051025
516.683105
818.932007
-934.111206
541.557007
793.504089
-935.089478
560.559021
792.69751
-935.632446
579.560974
792.182861
-936.110596
598.562988
791.682678
-921.767517
465.549011
769.580994
-927.750793
465.549011
785.634583
-922.365906
484.550995
769.580994
-927.830566
484.550995
786.546021
-922.855286
503.553009
769.580994
-928.015808
503.553009
786.840759
-923.353455
522.554993
769.580994
-928.293213
522.554993
785.587769
-923.620178
541.557007
769.580994
-928.571472
541.557007
784.003052
-923.822388
560.559021
769.580994
-928.784485
560.559021
783.196533
-924.427246
579.560974
769.580994
-929.047974
579.560974
782.681885
-925.146484
598.562988
769.580994
-929.328491
598.562988
782.181702
-1026.260864
526.695923
798.273682
-1026.758789
551.057983
798.856506
-1027.430542
589.062012
799.537415
-1025.740723
475.049988
797.453918
-1026.025879
508.790466
797.943481
-944.101318
551.057983
803.53241
-945.372498
589.062012
801.898132
-1045.161011
700.542847
759.703918
-1045.180664
712.575012
759.493103
-1045.27478
731.577026
758.615051
-1045.441406
750.578979
757.127197
-1035.10376
617.565002
731.577026
-1041.216797
617.565002
750.578979
-1035.951416
636.567017
731.577026
-1041.875244
636.567017
750.578979
-1036.673584
655.56897
731.577026
-1042.433594
655.56897
750.578979
-1037.289795
674.570984
731.577026
-1043.075928
674.570984
750.578979
-1037.830078
693.572998
731.577026
-1043.936523
693.954529
752.25354
-1038.407104
712.575012
731.577026
-1043.975464
712.575012
749.992126
-1038.976318
731.577026
731.577026
-1044.182617
731.577026
749.114075
-1039.432495
750.578979
731.577026
-1044.334229
750.578979
747.626221
-1008.502258
617.565002
702.26947
-1018.003235
617.565002
709.811218
-1009.107056
636.567017
701.957825
-1018.608093
636.567017
709.140259
-1009.724792
655.56897
701.594177
-1019.22583
655.56897
708.6297
-1010.377563
674.570984
701.124084
-1019.87854
674.570984
708.235962
-1010.982666
693.572998
700.653625
-1020.483704
693.572998
707.904846
-1011.467712
712.575012
700.317749
-1020.96875
712.575012
707.558044
-1012.06189
731.577026
699.980835
-1021.562866
731.577026
707.054688
-1012.784729
750.578979
699.610352
-1022.285767
750.578979
706.459534
-997.60498
617.565002
698.865112
-997.60498
636.567017
698.354309
-997.60498
655.56897
697.568542
-997.60498
674.570984
696.014832
-997.60498
693.572998
694.728516
-997.60498
712.575012
694.567566
-997.60498
731.577026
694.580078
-997.60498
750.578979
694.117371
-978.603027
655.56897
694.949402
-978.603027
674.570984
692.876099
-978.603027
693.572998
692.117004
-978.603027
712.575012
693.052185
-978.603027
731.577026
693.378357
-978.603027
750.578979
692.720093
-959.601013
655.56897
696.515625
-959.601013
674.570984
695.668213
-959.601013
693.572998
696.312439
-959.601013
712.575012
697.778931
-959.601013
731.577026
697.421997
-959.601013
750.578979
695.489258
-940.523682
618.350098
701.408997
-934.139465
612.53949
704.835815
-940.598999
636.567017
700.057007
-940.598999
655.56897
699.939148
-939.288574
674.60498
701.06781
-932.080994
680.961609
703.400024
-946.450134
731.577026
701.716858
-936.949158
731.577026
706.551514
-940.231689
751.329224
700.651489
-933.652832
745.495361
704.9505
-930.635193
625.20752
702.702209
-927.997742
618.350098
711.731873
-923.763245
617.565002
731.577026
-923.348083
617.565002
750.578979
-929.861206
636.567017
702.310303
-925.099182
636.567017
712.575012
-921.97052
636.567017
731.577026
-922.908569
636.567017
750.578979
-929.815308
655.56897
702.39856
-923.530151
655.56897
712.575012
-920.147583
655.56897
731.577026
-922.668701
655.56897
750.578979
-930.574036
668.29364
702.819824
-925.253418
674.60498
710.870422
-919.397583
674.570984
731.577026
-922.582153
674.570984
750.578979
-919.554321
693.572998
731.577026
-922.710815
693.572998
750.578979
-921.595398
712.575012
731.577026
-923.294983
712.575012
750.578979
-927.416809
731.577026
716.05249
-923.388611
731.577026
731.577026
-923.511597
731.577026
750.578979
-930.423462
758.163391
702.668274
-927.012512
751.329224
711.80072
-921.99054
750.578979
731.577026
-922.997986
750.578979
750.578979
-1028.45459
627.065979
718.976746
-1029.294189
665.070007
717.933838
-1029.889404
703.073975
717.232422
-1030.554932
741.078003
716.258118
-969.10199
627.065979
696.838806
-935.123413
703.073975
706.995605
-1045.161011
700.542847
761.997375
-1045.180664
712.575012
761.803101
-1045.27478
731.577026
761.13855
-1045.441406
750.578979
761.923828
-1041.180908
617.565002
769.580994
-1034.490479
617.565002
788.583008
-1041.697266
636.567017
769.580994
-1034.704468
636.567017
788.583008
-1042.322876
655.56897
769.580994
-1035.208008
655.56897
788.583008
-1043.457886
674.570984
769.580994
-1036.318604
674.570984
788.583008
-1044.67041
693.954529
768.831238
-1037.452515
693.572998
788.583008
-1044.461426
712.575012
771.304077
-1037.222046
712.575012
788.583008
-1043.818359
731.577026
770.639526
-1036.164551
731.577026
788.583008
-1043.618408
750.578979
771.424866
-1035.674072
750.578979
788.583008
-1016.606995
617.565002
807.543335
-1016.606995
636.567017
807.044434
-1016.606995
655.56897
806.440308
-1016.606995
674.570984
806.095276
-1016.606995
693.572998
805.927124
-1016.606995
712.575012
805.870789
-1016.606995
731.577026
805.334167
-1016.606995
750.578979
804.559448
-997.60498
617.565002
814.945313
-997.60498
636.567017
814.252625
-997.60498
655.56897
812.899963
-997.60498
674.570984
811.889587
-997.60498
693.572998
811.565186
-997.60498
712.575012
811.806763
-997.60498
731.577026
811.500427
-997.60498
750.578979
810.520203
-978.603027
617.565002
814.395142
-978.603027
636.567017
813.88678
-978.603027
655.56897
812.944641
-978.603027
674.570984
812.300354
-978.603027
693.572998
812.179504
-978.603027
712.575012
812.32196
-978.603027
731.577026
812.187805
-978.603027
750.578979
811.68866
-959.601013
617.565002
808.570435
-959.601013
636.567017
807.932373
-959.601013
655.56897
807.419739
-959.601013
674.570984
807.442505
-959.601013
693.572998
807.844788
-959.601013
712.575012
807.646973
-959.601013
731.577026
807.038513
-959.601013
750.578979
806.718872
-936.557373
617.565002
791.267761
-937.012878
636.567017
790.834473
-937.390137
655.56897
790.469849
-937.150146
674.570984
790.506409
-936.308777
693.572998
791.011169
-936.321533
712.575012
790.947388
-937.168457
731.577026
790.165833
-937.685791
750.578979
789.747314
-925.602234
617.565002
769.580994
-929.545593
617.565002
781.766724
-925.946533
636.567017
769.580994
-929.770508
636.567017
781.333496
-926.20105
655.56897
769.580994
-929.965088
655.56897
780.968872
-926.277588
674.570984
769.580994
-930.005676
674.570984
781.005432
-926.219482
693.572998
769.580994
-929.896545
693.572998
781.510132
-926.357605
712.575012
769.580994
-929.964661
712.575012
781.44635
-926.708923
731.577026
769.580994
-930.267151
731.577026
780.664856
-926.83252
750.578979
769.580994
-930.426025
750.578979
780.246277
-1027.63147
627.065979
799.660828
-1027.940186
665.070007
799.739502
-1028.406372
703.073975
799.829834
-1027.809814
741.078003
799.469299
-946.286133
627.065979
801.076355
-946.771118
665.070007
800.675171
-945.816162
703.073975
801.112
-946.928101
741.078003
800.473267
-1045.569946
769.580994
755.953308
-1045.677002
788.583008
755.060913
-1045.734741
807.585022
754.822388
-1045.702759
826.586975
755.464539
-1045.570801
845.588989
756.749817
-1045.387695
864.591003
758.207581
-1045.224487
883.593018
759.364807
-1045.141357
894.607239
759.906677
-1039.754395
769.580994
731.577026
-1044.481323
769.580994
746.452332
-1039.900513
788.583008
731.577026
-1044.578369
788.583008
745.559875
-1039.879883
807.585022
731.577026
-1044.576538
807.585022
745.321411
-1039.564941
826.586975
731.577026
-1044.440186
826.586975
745.963562
-1038.855347
845.588989
731.577026
-1044.192993
845.588989
747.24884
-1037.817505
864.591003
731.577026
-1043.884155
864.591003
748.706604
-1036.713013
883.593018
731.577026
-1043.515137
883.593018
749.863831
-1035.541748
902.594971
731.577026
-1043.41626
901.602783
752.375183
-1013.111816
769.580994
699.495544
-1022.612854
769.580994
706.132202
-1013.269775
788.583008
699.486084
-1022.770752
788.583008
705.980286
-1013.40509
807.585022
699.693542
-1022.906128
807.585022
705.77301
-1012.540405
826.586975
700.468079
-1022.041443
826.586975
706.085754
-1010.662354
845.588989
701.434387
-1020.16333
845.588989
707.130432
-1008.446045
864.591003
702.436707
-1017.947083
864.591003
708.48822
-1007.223389
874.612549
703.013977
-1014.777222
882.005127
708.702026
-1016.606995
902.594971
712.033813
-997.60498
769.580994
693.52887
-997.60498
788.583008
693.87738
-997.60498
807.585022
695.351196
-997.60498
826.586975
697.005066
-997.60498
845.588989
698.386902
-997.60498
864.591003
699.834473
-997.574707
882.005127
701.761169
-1003.88855
887.280518
703.761169
-991.22052
899.366943
702.457886
-997.574707
904.458557
704.327271
-978.603027
769.580994
691.971069
-978.603027
788.583008
692.757751
-959.601013
769.580994
694.859802
-959.601013
788.583008
696.047119
-938.762756
771.20166
700.368164
-931.20459
778.61615
703.124512
-943.667114
788.583008
700.754639
-934.166077
788.583008
705.798096
-946.629333
807.585022
701.283813
-937.128357
807.585022
708.312866
-941.132568
828.382568
701.499084
-935.154297
823.245667
706.477539
-940.598999
845.588989
700.61908
-941.511719
864.009277
701.751404
-935.786133
869.955444
704.879578
-948.454163
877.687378
702.6745
-941.511719
883.850037
706.90802
-940.598999
902.594971
711.078918
-930.423462
765.94812
702.668274
-925.935364
771.20166
710.705078
-920.458496
769.580994
731.577026
-922.646362
769.580994
750.578979
-926.879639
788.583008
715.299072
-922.583069
788.583008
731.577026
-922.765137
788.583008
750.578979
-928.499512
807.585022
717.813904
-924.133972
807.585022
731.577026
-922.373657
807.585022
750.578979
-930.989014
835.913635
703.015503
-927.516174
828.382568
712.716919
-921.596741
826.586975
731.577026
-921.264038
826.586975
750.578979
-929.93219
845.588989
702.580383
-923.294495
845.588989
712.575012
-918.910034
845.588989
731.577026
-920.34082
845.588989
750.578979
-929.652588
857.287415
702.474304
-925.51062
864.009277
711.758118
-919.488037
864.591003
731.577026
-919.388123
864.591003
750.578979
-927.620605
883.593018
717.125854
-921.640747
883.593018
731.577026
-918.335999
883.593018
750.578979
-929.296143
902.594971
719.855713
-922.948792
902.594971
731.577026
-917.502075
902.594971
750.578979
-1030.906616
779.08197
715.557251
-1030.822998
817.085999
715.43042
-1029.90686
855.090027
717.310303
-1028.444702
893.093994
719.533813
-969.10199
817.085999
696.596802
-969.10199
855.090027
698.286438
-968.015747
897.068848
702.337585
-1045.569946
769.580994
762.573059
-1045.677002
788.583008
763.148071
-1045.734741
807.585022
763.430359
-1045.702759
826.586975
763.416199
-1045.570801
845.588989
763.047607
-1045.387695
864.591003
762.168457
-1045.224487
883.593018
761.062317
-1045.141357
894.607239
760.386963
-1043.687988
769.580994
772.074036
-1035.638306
769.580994
788.583008
-1043.798828
788.583008
772.649048
-1035.660034
788.583008
788.583008
-1043.838623
807.585022
772.931396
-1035.622681
807.585022
788.583008
-1043.90625
826.586975
772.917236
-1036.096191
826.586975
788.583008
-1044.033569
845.588989
772.548584
-1037.460938
845.588989
788.583008
-1044.104858
864.591003
771.669434
-1039.016846
864.591003
788.583008
-1044.134155
883.593018
770.563293
-1039.879272
883.593018
788.583008
-1044.261719
901.602783
767.86499
-1040.127686
902.594971
788.583008
-1016.606995
769.580994
804.142761
-1016.606995
788.583008
803.899597
-1016.606995
807.585022
803.943054
-1016.606995
826.586975
805.014954
-1016.606995
845.588989
808.622864
-1016.72345
863.228394
813.642273
-1010.467102
868.653992
818.597412
-1022.807373
883.593018
814.870117
-1013.306396
883.593018
820.010559
-1024.703735
902.594971
815.995117
-1015.202759
902.594971
821.322144
-997.60498
769.580994
809.819092
-997.60498
788.583008
809.580017
-997.60498
807.585022
809.828979
-997.60498
826.586975
811.16449
-998.553589
845.785095
815.001953
-992.85199
852.249817
817.823425
-1005.52002
855.986023
816.822632
-998.553589
863.228394
819.995117
-997.60498
883.593018
824.816101
-997.60498
902.594971
827.87146
-978.603027
769.580994
811.298828
-978.603027
788.583008
811.205627
-978.603027
807.585022
811.620239
-978.603027
826.586975
812.995728
-976.994934
845.785095
815.820313
-982.256897
852.249817
817.823425
-969.588928
855.333374
817.023743
-976.994934
862.836792
820.039368
-978.603027
883.593018
825.502808
-978.603027
902.594971
829.505737
-959.601013
769.580994
806.696716
-959.601013
788.583008
806.910217
-959.601013
807.585022
807.725037
-959.601013
826.586975
809.575012
-959.601013
845.588989
812.186401
-959.256653
862.836792
814.950745
-965.361084
868.001343
818.671143
-952.693054
878.975647
815.845276
-959.256653
884.622986
820.188416
-959.601013
902.594971
824.576416
-937.76178
769.580994
789.894531
-937.465088
788.583008
790.368958
-936.687683
807.585022
791.206238
-935.186584
826.586975
792.673462
-933.534912
845.588989
794.554565
-932.256958
864.591003
796.374451
-931.483093
876.777039
797.522522
-940.549561
884.210327
807.25415
-949.616028
891.643616
817.441589
-938.383606
902.594971
809.818848
-947.884644
902.594971
818.705933
-926.546997
769.580994
769.580994
-930.306458
769.580994
780.393555
-925.972656
788.583008
769.580994
-930.008972
788.583008
780.867981
-925.204285
807.585022
769.580994
-929.563049
807.585022
781.705261
-924.198608
826.586975
769.580994
-928.92688
826.586975
783.172485
-922.917847
845.588989
769.580994
-928.124756
845.588989
785.053589
-921.164429
864.591003
769.580994
-927.164551
864.591003
786.873413
-919.236389
883.593018
769.580994
-926.77002
883.303833
790.146301
-930.65741
889.445007
798.662964
-917.655212
902.594971
769.580994
-923.305664
902.594971
788.583008
-929.499878
902.594971
800.317871
-1027.514771
779.08197
799.206299
-1027.596069
817.085999
799.2948
-1029.778687
855.090027
802.266663
-1031.482788
893.093994
805.931641
-947.114441
779.08197
800.435913
-945.43811
817.085999
801.654602
-942.396912
855.090027
804.279358
-1033.778809
921.596985
731.577026
-1042.129272
921.596985
750.578979
-1030.952271
938.787354
730.405945
-1040.78125
940.598999
750.578979
-1031.010254
959.601013
734.133606
-1038.969727
959.601013
750.578979
-1029.789307
978.603027
735.364075
-1037.014038
978.603027
750.578979
-1028.251099
1035.609009
738.168823
-1034.680786
1035.609009
750.578979
-1028.142456
1054.610962
738.539307
-1034.716064
1054.610962
750.578979
-1016.606995
921.596985
714.498718
-1017.67218
938.787354
717.776672
-1012.250244
997.60498
718.585571
-1010.579468
1016.606995
719.915894
-997.60498
921.596985
706.033386
-997.60498
940.598999
707.915894
-997.60498
997.60498
711.758728
-997.60498
1016.606995
714.354797
-977.169617
921.596985
702.208313
-986.670593
921.596985
703.288818
-975.25824
940.598999
701.925476
-984.759216
940.598999
703.771301
-974.049133
959.601013
701.837158
-983.55011
959.601013
704.294434
-972.068848
978.603027
702.310547
-981.569824
978.603027
704.713623
-970.17157
989.888489
702.836426
-977.344543
996.775513
705.604858
-978.603027
1016.606995
708.647278
-978.603027
1035.609009
709.896729
-978.603027
1054.610962
711.561401
-964.993103
921.596985
702.208313
-955.492065
921.596985
704.46051
-965.331177
940.598999
701.925476
-955.830139
940.598999
705.205994
-965.70105
959.601013
701.837158
-956.200012
959.601013
705.950562
-967.17041
978.603027
702.310547
-957.669434
978.603027
707.128845
-968.53894
989.888489
702.836426
-961.163391
996.775513
707.9375
-959.601013
1016.606995
711.183105
-959.601013
1035.609009
711.159424
-959.601013
1054.610962
712.151794
-940.598999
921.596985
713.124939
-939.093445
939.788696
716.044678
-931.755676
945.58252
722.733826
-932.890808
959.601013
723.865356
-934.559448
978.603027
725.458496
-936.074951
997.60498
726.567871
-936.642761
1016.606995
726.475708
-935.94812
1035.609009
725.871338
-936.573425
1054.610962
727.158997
-930.328613
921.596985
721.239441
-923.742188
921.596985
731.577026
-916.762939
921.596985
750.578979
-930.865784
932.914551
721.849182
-925.738586
939.788696
730.071533
-916.345459
940.598999
750.578979
-925.163879
959.601013
733.366333
-916.91217
959.601013
750.578979
-926.111511
978.603027
734.959473
-918.201843
978.603027
750.578979
-926.652283
997.60498
736.068909
-918.803833
997.60498
750.578979
-925.824951
1016.606995
735.976746
-917.587463
1016.606995
750.578979
-925.070251
1035.609009
735.372314
-916.599487
1035.609009
750.578979
-926.764038
1054.610962
736.660034
-918.672302
1054.610962
750.578979
-1026.517822
926.421265
721.653748
-1031.89563
1007.106018
743.706299
-1024.716309
943.913574
723.291199
-1005.551453
969.10199
713.796631
-1022.998901
969.10199
725.247803
-1020.915833
1007.106018
727.332642
-1003.187561
1045.109985
718.806458
-1018.271118
1045.109985
728.853088
-943.226135
969.10199
716.04071
-945.859863
1007.106018
718.60791
-945.76178
1045.109985
718.530396
-1043.628296
921.596985
769.580994
-1039.89563
921.596985
788.583008
-1042.781616
940.598999
769.580994
-1038.985107
940.598999
788.583008
-1041.579712
959.601013
769.580994
-1037.7323
959.601013
788.583008
-1040.330933
978.603027
769.580994
-1036.889526
978.603027
788.583008
-1039.293457
997.60498
769.580994
-1036.661865
997.60498
788.583008
-1038.920532
1016.606995
769.580994
-1037.027832
1016.606995
788.583008
-1039.499634
1035.609009
769.580994
-1037.959473
1035.609009
788.583008
-1039.740967
1054.610962
769.580994
-1038.547974
1054.610962
788.583008
-1025.425415
921.596985
816.399536
-1015.924438
921.596985
822.487549
-1025.034058
940.598999
815.729126
-1015.533081
940.598999
823.374084
-1024.570679
959.601013
814.882507
-1015.069641
959.601013
824.016724
-1024.641113
978.603027
814.7995
-1015.140076
978.603027
824.471619
-1025.078491
997.60498
815.402649
-1015.577454
997.60498
824.865234
-1025.607544
1013.424377
816.243713
-1018.206909
1018.497803
823.82782
-1014.923035
1036.042725
828.664673
-1007.466431
1042.665894
836.327759
-1016.992615
1054.610962
827.891663
-1007.491638
1054.610962
836.338318
-997.60498
921.596985
830.356995
-997.60498
940.598999
832.180908
-996.103333
959.647583
833.936096
-999.326294
978.603027
833.972595
-1001.173828
997.60498
834.366211
-1003.788696
1016.606995
835.013184
-1005.889282
1029.997803
835.665466
-998.775146
1036.042725
838.413391
-997.60498
1054.610962
839.453491
-978.603027
921.596985
832.467957
-978.603027
940.598999
834.415222
-978.436096
959.647583
835.67865
-984.658813
966.012634
836.236328
-971.990784
972.029541
835.955261
-978.436096
978.45929
836.485291
-978.603027
997.60498
837.5271
-978.603027
1016.606995
839.143738
-978.603027
1035.609009
841.105957
-978.603027
1054.610962
842.119934
-959.601013
921.596985
828.284485
-959.601013
940.598999
830.859863
-959.601013
959.601013
832.299927
-961.165466
978.45929
833.736877
-968.542419
984.69751
836.233704
-966.934082
997.60498
836.63324
-964.059143
1016.606995
837.427673
-958.86554
1037.229492
837.947632
-959.601013
1054.610962
839.414856
-935.617004
921.596985
812.370544
-945.118042
921.596985
820.771973
-933.656067
940.598999
814.242981
-943.157043
940.598999
822.337463
-932.511414
959.601013
815.460693
-942.012451
959.601013
823.19104
-931.67395
978.603027
816.424988
-941.174988
978.603027
823.74762
-931.230896
989.500061
816.93396
-938.778564
996.542419
823.245178
-940.598999
1016.606995
826.403259
-942.451904
1037.229492
829.753845
-939.88324
1054.610962
829.36554
-916.245605
921.596985
769.580994
-920.74469
921.596985
788.583008
-927.848511
921.596985
802.869507
-915.199951
940.598999
769.580994
-919.091431
940.598999
788.583008
-926.762085
940.598999
804.742004
-915.010925
959.601013
769.580994
-918.289856
959.601013
788.583008
-926.125244
959.601013
805.959656
-915.364014
978.603027
769.580994
-917.776184
978.603027
788.583008
-925.600525
978.603027
806.924011
-915.308594
997.60498
769.580994
-917.140564
997.60498
788.583008
-926.056091
996.542419
809.393982
-930.716858
1002.168091
817.510376
-914.586121
1016.606995
769.580994
-916.279785
1016.606995
788.583008
-923.574646
1016.606995
807.585022
-930.118408
1016.606995
818.195862
-913.90625
1035.609009
769.580994
-915.259705
1035.609009
788.583008
-922.217773
1035.609009
807.585022
-929.335083
1035.609009
819.117737
-913.927063
1054.610962
769.580994
-914.497986
1054.610962
788.583008
-921.234253
1054.610962
807.585022
-928.755127
1054.610962
819.864502
-1031.234375
931.098022
806.563354
-1030.055664
969.10199
805.340027
-1028.524414
1014.065063
810.656311
-1029.360352
1045.109985
812.796326
-992.980286
1007.106018
837.392944
-955.995605
1007.106018
834.381042
-952.04126
1031.97583
835.490112
-949.702698
1049.627441
836.31543
-989.296753
972.3078
836.355835
-1007.737061
1064.893677
721.691467
-1015.085449
1068.942017
732.520325
-1016.606995
1076.908569
750.578979
-997.60498
1067.30835
720.046448
-997.60498
1075.288086
731.577026
-997.60498
1079.999268
750.578979
-978.603027
1069.788086
717.555725
-978.603027
1077.923096
731.577026
-978.603027
1080.240967
750.578979
-959.601013
1068.608521
718.003357
-959.601013
1076.590698
731.577026
-959.601013
1080.370361
750.578979
-941.382813
1069.7771
732.302429
-940.598999
1077.978882
750.578979
-929.262756
1066.460693
739.120056
-925.850464
1069.841675
750.578979
-1028.868042
1067.579712
745.031128
-948.239319
1066.019409
720.351318
-1032.796387
1071.006348
769.580994
-1032.336426
1070.885986
788.583008
-1029.44165
1068.396606
807.585022
-1026.876831
1065.447266
818.108704
-1016.606995
1078.903198
769.580994
-1016.606995
1078.862427
788.583008
-1016.606995
1076.195313
807.585022
-1014.799072
1068.043091
825.300415
-1007.259766
1064.292236
836.182007
-997.60498
1079.900024
769.580994
-997.60498
1079.976929
788.583008
-997.60498
1079.963745
807.585022
-997.60498
1074.647949
826.586975
-997.60498
1066.780518
837.64502
-978.603027
1080.264771
807.585022
-978.603027
1077.585449
826.586975
-978.603027
1069.349609
839.104004
-959.601013
1080.713501
807.585022
-959.601013
1076.157593
826.586975
-959.601013
1067.661011
837.994019
-940.598999
1080.824097
769.580994
-940.598999
1081.077026
788.583008
-940.598999
1079.302246
807.585022
-941.973938
1070.164917
825.91748
-922.632996
1072.399414
769.580994
-922.69458
1072.749268
788.583008
-926.014709
1070.800537
807.585022
-929.399658
1067.272583
819.137146
-969.10199
1080.19043
779.08197
-949.224487
1065.238525
836.590088
-911.197449
38.004002
755.42511
-911.874756
101.780273
758.556702
-911.487732
65.336685
764.890015